<html>
<head><meta charset="utf-8" /></head>
<body>
    <div>                        <script type="text/javascript">window.PlotlyConfig = {MathJaxConfig: 'local'};</script>
        <script charset="utf-8" src="https://cdn.plot.ly/plotly-2.35.2.min.js"></script>                <div id="fccd6167-5c08-4c0c-94e5-31761122215e" class="plotly-graph-div" style="height:1000px; width:1000px;"></div>            <script type="text/javascript">                                    window.PLOTLYENV=window.PLOTLYENV || {};                                    if (document.getElementById("fccd6167-5c08-4c0c-94e5-31761122215e")) {                    Plotly.newPlot(                        "fccd6167-5c08-4c0c-94e5-31761122215e",                        [{"coloraxis":"coloraxis","name":"0","texttemplate":"%{z:.2f}","x":["Student_ID","Weekly_Study_Hours","Attendance_Rate","Sleep_Hours","Previous_Scores","Internet_Usage_Time","Distance_to_School","Practice_Exams_Passed","Extracurricular_Activities","Exam_Score","study_per_sleep","internet_per_sleep","attendance_x_study","preparedness_index","stress_inverse"],"y":["Student_ID","Weekly_Study_Hours","Attendance_Rate","Sleep_Hours","Previous_Scores","Internet_Usage_Time","Distance_to_School","Practice_Exams_Passed","Extracurricular_Activities","Exam_Score","study_per_sleep","internet_per_sleep","attendance_x_study","preparedness_index","stress_inverse"],"z":[[1.0,0.02167791562563121,0.008918832255524162,0.00502391877984475,0.031205907003177023,0.02080775813503913,0.012870687024488523,0.022001925187251636,0.0035822090683260274,0.032387446601907545,0.018110144235701876,0.017964100267162886,0.022898142317916998,0.03158536457292191,0.010770340684718637],[0.02167791562563121,1.0,0.0032547473041120807,0.675538416018978,0.5827609056554348,0.5581000945037904,0.0084000307769838,0.8429039622711735,0.004519959052208821,0.7937819930833917,0.9788935490364564,0.18653278706519366,0.976220076488195,0.6191448741982499,0.6964862893955236],[0.008918832255524162,0.0032547473041120807,1.0,0.010510457059065666,0.011949294217148729,0.007688367247071301,0.8415843143876167,0.007197927801908947,0.0006594197822234669,0.21184662770164434,0.005558726802328725,0.002849732299827008,0.2112013405541204,0.012011386420178837,0.004723961049713176],[0.00502391877984475,0.675538416018978,0.010510457059065666,1.0,0.405594528088436,0.37665841872712574,0.012641899713014222,0.5769705893223365,0.008874868084145279,0.5313275911016611,0.79153521047732,0.1970367628993314,0.6612645245136156,0.4302608569500627,0.5782335273460429],[0.031205907003177023,0.5827609056554348,0.011949294217148729,0.405594528088436,1.0,0.3325013776712072,0.014172291258970793,0.5003056107071141,0.012659278508656583,0.7824188227643003,0.5720120759557298,0.10928744223042418,0.5701832845322188,0.9982746411880684,0.4142961783678037],[0.02080775813503913,0.5581000945037904,0.007688367247071301,0.37665841872712574,0.3325013776712072,1.0,0.016929135187490747,0.4833701606438525,0.008411835623965903,0.5161354762850017,0.5487869185883236,0.8306992216298705,0.5462821725091862,0.35342623128113715,0.38730164993459093],[0.012870687024488523,0.0084000307769838,0.8415843143876167,0.012641899713014222,0.014172291258970793,0.016929135187490747,1.0,0.01237726604516319,0.0024042227798918925,0.20481546671933443,0.010345542486126428,0.009966773988210734,0.18348242474570173,0.01450636211312428,0.003202053106344609],[0.022001925187251636,0.8429039622711735,0.007197927801908947,0.5769705893223365,0.5003056107071141,0.4833701606438525,0.01237726604516319,1.0,0.002908733415011596,0.7224750162820409,0.8266782461502694,0.16623512933180595,0.8237436962285739,0.5502828562348656,0.6032342177653713],[0.0035822090683260274,0.004519959052208821,0.0006594197822234669,0.008874868084145279,0.012659278508656583,0.008411835623965903,0.0024042227798918925,0.002908733415011596,1.0,0.08679609380951542,0.0016537091153023672,0.003258624096687384,0.005330627895627814,0.012405185921592201,0.014164188498104519],[0.032387446601907545,0.7937819930833917,0.21184662770164434,0.5313275911016611,0.7824188227643003,0.5161354762850017,0.20481546671933443,0.7224750162820409,0.08679609380951542,1.0,0.7745573686659237,0.22789118421763094,0.817973478318512,0.8035174015849567,0.534138706065707],[0.018110144235701876,0.9788935490364564,0.005558726802328725,0.79153521047732,0.5720120759557298,0.5487869185883236,0.010345542486126428,0.8266782461502694,0.0016537091153023672,0.7745573686659237,1.0,0.10731906545889819,0.9561517906128512,0.6076789328218689,0.6936725667097717],[0.017964100267162886,0.18653278706519366,0.002849732299827008,0.1970367628993314,0.10928744223042418,0.8306992216298705,0.009966773988210734,0.16623512933180595,0.003258624096687384,0.22789118421763094,0.10731906545889819,1.0,0.1828652263157349,0.11666417865728226,0.06385892116490399],[0.022898142317916998,0.976220076488195,0.2112013405541204,0.6612645245136156,0.5701832845322188,0.5462821725091862,0.18348242474570173,0.8237436962285739,0.005330627895627814,0.817973478318512,0.9561517906128512,0.1828652263157349,1.0,0.605716338042714,0.6783958974949994],[0.03158536457292191,0.6191448741982499,0.012011386420178837,0.4302608569500627,0.9982746411880684,0.35342623128113715,0.01450636211312428,0.5502828562348656,0.012405185921592201,0.8035174015849567,0.6076789328218689,0.11666417865728226,0.605716338042714,1.0,0.44043332823268433],[0.010770340684718637,0.6964862893955236,0.004723961049713176,0.5782335273460429,0.4142961783678037,0.38730164993459093,0.003202053106344609,0.6032342177653713,0.014164188498104519,0.534138706065707,0.6936725667097717,0.06385892116490399,0.6783958974949994,0.44043332823268433,1.0]],"type":"heatmap","xaxis":"x","yaxis":"y","hovertemplate":"x: %{x}\u003cbr\u003ey: %{y}\u003cbr\u003ecolor: %{z}\u003cextra\u003e\u003c\u002fextra\u003e","textfont":{"size":8}}],                        {"template":{"data":{"histogram2dcontour":[{"type":"histogram2dcontour","colorbar":{"outlinewidth":0,"ticks":""},"colorscale":[[0.0,"#0d0887"],[0.1111111111111111,"#46039f"],[0.2222222222222222,"#7201a8"],[0.3333333333333333,"#9c179e"],[0.4444444444444444,"#bd3786"],[0.5555555555555556,"#d8576b"],[0.6666666666666666,"#ed7953"],[0.7777777777777778,"#fb9f3a"],[0.8888888888888888,"#fdca26"],[1.0,"#f0f921"]]}],"choropleth":[{"type":"choropleth","colorbar":{"outlinewidth":0,"ticks":""}}],"histogram2d":[{"type":"histogram2d","colorbar":{"outlinewidth":0,"ticks":""},"colorscale":[[0.0,"#0d0887"],[0.1111111111111111,"#46039f"],[0.2222222222222222,"#7201a8"],[0.3333333333333333,"#9c179e"],[0.4444444444444444,"#bd3786"],[0.5555555555555556,"#d8576b"],[0.6666666666666666,"#ed7953"],[0.7777777777777778,"#fb9f3a"],[0.8888888888888888,"#fdca26"],[1.0,"#f0f921"]]}],"heatmap":[{"type":"heatmap","colorbar":{"outlinewidth":0,"ticks":""},"colorscale":[[0.0,"#0d0887"],[0.1111111111111111,"#46039f"],[0.2222222222222222,"#7201a8"],[0.3333333333333333,"#9c179e"],[0.4444444444444444,"#bd3786"],[0.5555555555555556,"#d8576b"],[0.6666666666666666,"#ed7953"],[0.7777777777777778,"#fb9f3a"],[0.8888888888888888,"#fdca26"],[1.0,"#f0f921"]]}],"heatmapgl":[{"type":"heatmapgl","colorbar":{"outlinewidth":0,"ticks":""},"colorscale":[[0.0,"#0d0887"],[0.1111111111111111,"#46039f"],[0.2222222222222222,"#7201a8"],[0.3333333333333333,"#9c179e"],[0.4444444444444444,"#bd3786"],[0.5555555555555556,"#d8576b"],[0.6666666666666666,"#ed7953"],[0.7777777777777778,"#fb9f3a"],[0.8888888888888888,"#fdca26"],[1.0,"#f0f921"]]}],"contourcarpet":[{"type":"contourcarpet","colorbar":{"outlinewidth":0,"ticks":""}}],"contour":[{"type":"contour","colorbar":{"outlinewidth":0,"ticks":""},"colorscale":[[0.0,"#0d0887"],[0.1111111111111111,"#46039f"],[0.2222222222222222,"#7201a8"],[0.3333333333333333,"#9c179e"],[0.4444444444444444,"#bd3786"],[0.5555555555555556,"#d8576b"],[0.6666666666666666,"#ed7953"],[0.7777777777777778,"#fb9f3a"],[0.8888888888888888,"#fdca26"],[1.0,"#f0f921"]]}],"surface":[{"type":"surface","colorbar":{"outlinewidth":0,"ticks":""},"colorscale":[[0.0,"#0d0887"],[0.1111111111111111,"#46039f"],[0.2222222222222222,"#7201a8"],[0.3333333333333333,"#9c179e"],[0.4444444444444444,"#bd3786"],[0.5555555555555556,"#d8576b"],[0.6666666666666666,"#ed7953"],[0.7777777777777778,"#fb9f3a"],[0.8888888888888888,"#fdca26"],[1.0,"#f0f921"]]}],"mesh3d":[{"type":"mesh3d","colorbar":{"outlinewidth":0,"ticks":""}}],"scatter":[{"fillpattern":{"fillmode":"overlay","size":10,"solidity":0.2},"type":"scatter"}],"parcoords":[{"type":"parcoords","line":{"colorbar":{"outlinewidth":0,"ticks":""}}}],"scatterpolargl":[{"type":"scatterpolargl","marker":{"colorbar":{"outlinewidth":0,"ticks":""}}}],"bar":[{"error_x":{"color":"#2a3f5f"},"error_y":{"color":"#2a3f5f"},"marker":{"line":{"color":"#E5ECF6","width":0.5},"pattern":{"fillmode":"overlay","size":10,"solidity":0.2}},"type":"bar"}],"scattergeo":[{"type":"scattergeo","marker":{"colorbar":{"outlinewidth":0,"ticks":""}}}],"scatterpolar":[{"type":"scatterpolar","marker":{"colorbar":{"outlinewidth":0,"ticks":""}}}],"histogram":[{"marker":{"pattern":{"fillmode":"overlay","size":10,"solidity":0.2}},"type":"histogram"}],"scattergl":[{"type":"scattergl","marker":{"colorbar":{"outlinewidth":0,"ticks":""}}}],"scatter3d":[{"type":"scatter3d","line":{"colorbar":{"outlinewidth":0,"ticks":""}},"marker":{"colorbar":{"outlinewidth":0,"ticks":""}}}],"scattermapbox":[{"type":"scattermapbox","marker":{"colorbar":{"outlinewidth":0,"ticks":""}}}],"scatterternary":[{"type":"scatterternary","marker":{"colorbar":{"outlinewidth":0,"ticks":""}}}],"scattercarpet":[{"type":"scattercarpet","marker":{"colorbar":{"outlinewidth":0,"ticks":""}}}],"carpet":[{"aaxis":{"endlinecolor":"#2a3f5f","gridcolor":"white","linecolor":"white","minorgridcolor":"white","startlinecolor":"#2a3f5f"},"baxis":{"endlinecolor":"#2a3f5f","gridcolor":"white","linecolor":"white","minorgridcolor":"white","startlinecolor":"#2a3f5f"},"type":"carpet"}],"table":[{"cells":{"fill":{"color":"#EBF0F8"},"line":{"color":"white"}},"header":{"fill":{"color":"#C8D4E3"},"line":{"color":"white"}},"type":"table"}],"barpolar":[{"marker":{"line":{"color":"#E5ECF6","width":0.5},"pattern":{"fillmode":"overlay","size":10,"solidity":0.2}},"type":"barpolar"}],"pie":[{"automargin":true,"type":"pie"}]},"layout":{"autotypenumbers":"strict","colorway":["#636efa","#EF553B","#00cc96","#ab63fa","#FFA15A","#19d3f3","#FF6692","#B6E880","#FF97FF","#FECB52"],"font":{"color":"#2a3f5f"},"hovermode":"closest","hoverlabel":{"align":"left"},"paper_bgcolor":"white","plot_bgcolor":"#E5ECF6","polar":{"bgcolor":"#E5ECF6","angularaxis":{"gridcolor":"white","linecolor":"white","ticks":""},"radialaxis":{"gridcolor":"white","linecolor":"white","ticks":""}},"ternary":{"bgcolor":"#E5ECF6","aaxis":{"gridcolor":"white","linecolor":"white","ticks":""},"baxis":{"gridcolor":"white","linecolor":"white","ticks":""},"caxis":{"gridcolor":"white","linecolor":"white","ticks":""}},"coloraxis":{"colorbar":{"outlinewidth":0,"ticks":""}},"colorscale":{"sequential":[[0.0,"#0d0887"],[0.1111111111111111,"#46039f"],[0.2222222222222222,"#7201a8"],[0.3333333333333333,"#9c179e"],[0.4444444444444444,"#bd3786"],[0.5555555555555556,"#d8576b"],[0.6666666666666666,"#ed7953"],[0.7777777777777778,"#fb9f3a"],[0.8888888888888888,"#fdca26"],[1.0,"#f0f921"]],"sequentialminus":[[0.0,"#0d0887"],[0.1111111111111111,"#46039f"],[0.2222222222222222,"#7201a8"],[0.3333333333333333,"#9c179e"],[0.4444444444444444,"#bd3786"],[0.5555555555555556,"#d8576b"],[0.6666666666666666,"#ed7953"],[0.7777777777777778,"#fb9f3a"],[0.8888888888888888,"#fdca26"],[1.0,"#f0f921"]],"diverging":[[0,"#8e0152"],[0.1,"#c51b7d"],[0.2,"#de77ae"],[0.3,"#f1b6da"],[0.4,"#fde0ef"],[0.5,"#f7f7f7"],[0.6,"#e6f5d0"],[0.7,"#b8e186"],[0.8,"#7fbc41"],[0.9,"#4d9221"],[1,"#276419"]]},"xaxis":{"gridcolor":"white","linecolor":"white","ticks":"","title":{"standoff":15},"zerolinecolor":"white","automargin":true,"zerolinewidth":2},"yaxis":{"gridcolor":"white","linecolor":"white","ticks":"","title":{"standoff":15},"zerolinecolor":"white","automargin":true,"zerolinewidth":2},"scene":{"xaxis":{"backgroundcolor":"#E5ECF6","gridcolor":"white","linecolor":"white","showbackground":true,"ticks":"","zerolinecolor":"white","gridwidth":2},"yaxis":{"backgroundcolor":"#E5ECF6","gridcolor":"white","linecolor":"white","showbackground":true,"ticks":"","zerolinecolor":"white","gridwidth":2},"zaxis":{"backgroundcolor":"#E5ECF6","gridcolor":"white","linecolor":"white","showbackground":true,"ticks":"","zerolinecolor":"white","gridwidth":2}},"shapedefaults":{"line":{"color":"#2a3f5f"}},"annotationdefaults":{"arrowcolor":"#2a3f5f","arrowhead":0,"arrowwidth":1},"geo":{"bgcolor":"white","landcolor":"#E5ECF6","subunitcolor":"white","showland":true,"showlakes":true,"lakecolor":"white"},"title":{"x":0.05},"mapbox":{"style":"light"}}},"xaxis":{"anchor":"y","domain":[0.0,1.0],"scaleanchor":"y","constrain":"domain","side":"bottom","tickangle":45},"yaxis":{"anchor":"x","domain":[0.0,1.0],"autorange":"reversed","constrain":"domain"},"coloraxis":{"colorscale":[[0.0,"rgb(247,251,255)"],[0.125,"rgb(222,235,247)"],[0.25,"rgb(198,219,239)"],[0.375,"rgb(158,202,225)"],[0.5,"rgb(107,174,214)"],[0.625,"rgb(66,146,198)"],[0.75,"rgb(33,113,181)"],[0.875,"rgb(8,81,156)"],[1.0,"rgb(8,48,107)"]],"cmin":0,"cmax":1},"title":{"text":"4.3.1 Korelasyon matrisi (tek renk, |corr|)"},"height":1000,"width":1000},                        {"responsive": true}                    )                };                            </script>        </div>
</body>
</html>