<html>
<head><meta charset="utf-8" /></head>
<body>
    <div>                        <script type="text/javascript">window.PlotlyConfig = {MathJaxConfig: 'local'};</script>
        <script charset="utf-8" src="https://cdn.plot.ly/plotly-2.35.2.min.js"></script>                <div id="1369feb5-497c-4d27-a128-9a794d883179" class="plotly-graph-div" style="height:100%; width:100%;"></div>            <script type="text/javascript">                                    window.PLOTLYENV=window.PLOTLYENV || {};                                    if (document.getElementById("1369feb5-497c-4d27-a128-9a794d883179")) {                    Plotly.newPlot(                        "1369feb5-497c-4d27-a128-9a794d883179",                        [{"coloraxis":"coloraxis","name":"0","x":["Student_ID","Weekly_Study_Hours","Attendance_Rate","Sleep_Hours","Previous_Scores","Internet_Usage_Time","Distance_to_School","Stress_Level","Practice_Exams_Passed","Extracurricular_Activities","Exam_Score","study_per_sleep","internet_per_sleep","attendance_x_study","preparedness_index","stress_inverse","Weekly_Study_Hours_sq","Attendance_Rate_sq","Previous_Scores_sq"],"y":["Student_ID","Weekly_Study_Hours","Attendance_Rate","Sleep_Hours","Previous_Scores","Internet_Usage_Time","Distance_to_School","Stress_Level","Practice_Exams_Passed","Extracurricular_Activities","Exam_Score","study_per_sleep","internet_per_sleep","attendance_x_study","preparedness_index","stress_inverse","Weekly_Study_Hours_sq","Attendance_Rate_sq","Previous_Scores_sq"],"z":[[1.0,0.021493525429005924,0.008918832255524162,0.006073334457399734,0.031205907003177023,0.020409363981993014,0.013311496715654942,0.01033247010344856,0.021142717100346528,0.0035822090683260274,0.032387446601907545,0.018177708243210966,0.016819840481583113,0.022723518626872146,0.031524018220266584,0.013984536542535463,0.018010420650176245,0.008529409714962853,0.030420087940228508],[0.021493525429005924,1.0,0.0038391054094027892,0.6728693556661,0.5834255378695364,0.559936523131193,0.008334798295848182,0.7551727062860697,0.8413925595983892,0.004472443924400215,0.7942752633760795,0.9795754233833042,0.19100976471694306,0.9761322274850263,0.6190553770374406,0.7205758765031899,0.9823485965904664,0.0037312426276270632,0.5783290047993332],[0.008918832255524162,0.0038391054094027892,1.0,0.010745898322339392,0.011949294217148729,0.007923838970207457,0.8377179611140227,0.0016200018003031287,0.0073908848615408295,0.0006594197822234669,0.21184662770164434,0.0060828204296613135,0.002971240432150292,0.21218158323772998,0.012024194110748761,0.0013749331544924892,0.004439907560221607,0.9993717503310369,0.012438332833062709],[0.006073334457399734,0.6728693556661,0.010745898322339392,1.0,0.4026521254823729,0.37580399204998055,0.012917163041847706,0.6275812295094068,0.5735112134654783,0.008047089955204223,0.5285978809371298,0.7885575945484241,0.19644777178900036,0.6586523720497462,0.42676456864863355,0.5956650028381162,0.6630403989915852,0.010686384913509043,0.4001636251875164],[0.031205907003177023,0.5834255378695364,0.011949294217148729,0.4026521254823729,1.0,0.33258676662498193,0.014832651595840955,0.44308246504977467,0.4993198066470643,0.012659278508656583,0.7824188227643003,0.572840373252225,0.11154582006165488,0.5707196609807013,0.9983369543148194,0.4253799356674142,0.5722703831427307,0.011968992710221135,0.9897450074407214],[0.020409363981993014,0.559936523131193,0.007923838970207457,0.37580399204998055,0.33258676662498193,1.0,0.01614466698293421,0.43177518793065583,0.484189340917995,0.008967013845446686,0.5163041408169264,0.5505682741911283,0.831698972643665,0.547955381424349,0.35320035484196544,0.4032305434391298,0.558123319756844,0.00758882594401326,0.3301636124870816],[0.013311496715654942,0.008334798295848182,0.8377179611140227,0.012917163041847706,0.014832651595840955,0.01614466698293421,1.0,0.00034296982955074205,0.01145333053744306,0.0014504367231727355,0.20381113329129577,0.010463341986052484,0.009018283346992707,0.18292583932551612,0.015077263150694593,0.00046893356735709364,0.0076274861959667,0.8374676095783539,0.014100686500479378],[0.01033247010344856,0.7551727062860697,0.0016200018003031287,0.6275812295094068,0.44308246504977467,0.43177518793065583,0.00034296982955074205,1.0,0.6526957581970547,0.009843313397667043,0.5741685170127012,0.7717233287606338,0.08310856916805663,0.7357167923313345,0.47105310865739136,0.9340444875253332,0.7493781912963062,0.0018191688450513717,0.44029826760098334],[0.021142717100346528,0.8413925595983892,0.0073908848615408295,0.5735112134654783,0.4993198066470643,0.484189340917995,0.01145333053744306,0.6526957581970547,1.0,0.0022955160292435824,0.720919847898353,0.8253017112246055,0.16987624740982749,0.8220893928355058,0.548436919474261,0.6224558668290534,0.8265471225014475,0.00746903395637158,0.4952728710959964],[0.0035822090683260274,0.004472443924400215,0.0006594197822234669,0.008047089955204223,0.012659278508656583,0.008967013845446686,0.0014504367231727355,0.009843313397667043,0.0022955160292435824,1.0,0.08679609380951542,0.0019308906209655674,0.004346832624086011,0.005290815292317826,0.01237038256226347,0.010844481505771964,0.005642098134738944,0.00025020978419306735,0.012592731112950048],[0.032387446601907545,0.7942752633760795,0.21184662770164434,0.5285978809371298,0.7824188227643003,0.5163041408169264,0.20381113329129577,0.5741685170127012,0.720919847898353,0.08679609380951542,1.0,0.7755825111157364,0.23037805368849879,0.8183798973804335,0.8030907705818174,0.5514201169076784,0.779313663463526,0.21169956416257632,0.775892681288691],[0.018177708243210966,0.9795754233833042,0.0060828204296613135,0.7885575945484241,0.572840373252225,0.5505682741911283,0.010463341986052484,0.7717233287606338,0.8253017112246055,0.0019308906209655674,0.7755825111157364,1.0,0.11229628947649502,0.9567298699030468,0.607768859544729,0.718511625327291,0.9761257552774836,0.00598753670746946,0.5714835744510794],[0.016819840481583113,0.19100976471694306,0.002971240432150292,0.19644777178900036,0.11154582006165488,0.831698972643665,0.009018283346992707,0.08310856916805663,0.16987624740982749,0.004346832624086011,0.23037805368849879,0.11229628947649502,1.0,0.1871130327881788,0.11895738446173,0.07057363943022582,0.1973329034085747,0.002631268527878578,0.1111550602398134],[0.022723518626872146,0.9761322274850263,0.21218158323772998,0.6586523720497462,0.5707196609807013,0.547955381424349,0.18292583932551612,0.7357167923313345,0.8220893928355058,0.005290815292317826,0.8183798973804335,0.9567298699030468,0.1871130327881788,1.0,0.6055083943790711,0.702407500797565,0.9590731789667726,0.21188237258867879,0.5658383255218261],[0.031524018220266584,0.6190553770374406,0.012024194110748761,0.42676456864863355,0.9983369543148194,0.35320035484196544,0.015077263150694593,0.47105310865739136,0.548436919474261,0.01237038256226347,0.8030907705818174,0.607768859544729,0.11895738446173,0.6055083943790711,1.0,0.45195609663315556,0.6073016192407091,0.012048405159825786,0.9881704487490307],[0.013984536542535463,0.7205758765031899,0.0013749331544924892,0.5956650028381162,0.4253799356674142,0.4032305434391298,0.00046893356735709364,0.9340444875253332,0.6224558668290534,0.010844481505771964,0.5514201169076784,0.718511625327291,0.07057363943022582,0.702407500797565,0.45195609663315556,1.0,0.6803135353251482,0.0015191253586332315,0.4137898758293467],[0.018010420650176245,0.9823485965904664,0.004439907560221607,0.6630403989915852,0.5722703831427307,0.558123319756844,0.0076274861959667,0.7493781912963062,0.8265471225014475,0.005642098134738944,0.779313663463526,0.9761257552774836,0.1973329034085747,0.9590731789667726,0.6073016192407091,0.6803135353251482,1.0,0.004358650781612068,0.5760863456063954],[0.008529409714962853,0.0037312426276270632,0.9993717503310369,0.010686384913509043,0.011968992710221135,0.00758882594401326,0.8374676095783539,0.0018191688450513717,0.00746903395637158,0.00025020978419306735,0.21169956416257632,0.00598753670746946,0.002631268527878578,0.21188237258867879,0.012048405159825786,0.0015191253586332315,0.004358650781612068,1.0,0.012486517368942556],[0.030420087940228508,0.5783290047993332,0.012438332833062709,0.4001636251875164,0.9897450074407214,0.3301636124870816,0.014100686500479378,0.44029826760098334,0.4952728710959964,0.012592731112950048,0.775892681288691,0.5714835744510794,0.1111550602398134,0.5658383255218261,0.9881704487490307,0.4137898758293467,0.5760863456063954,0.012486517368942556,1.0]],"type":"heatmap","xaxis":"x","yaxis":"y","hovertemplate":"x: %{x}\u003cbr\u003ey: %{y}\u003cbr\u003ecolor: %{z}\u003cextra\u003e\u003c\u002fextra\u003e"}],                        {"template":{"data":{"histogram2dcontour":[{"type":"histogram2dcontour","colorbar":{"outlinewidth":0,"ticks":""},"colorscale":[[0.0,"#0d0887"],[0.1111111111111111,"#46039f"],[0.2222222222222222,"#7201a8"],[0.3333333333333333,"#9c179e"],[0.4444444444444444,"#bd3786"],[0.5555555555555556,"#d8576b"],[0.6666666666666666,"#ed7953"],[0.7777777777777778,"#fb9f3a"],[0.8888888888888888,"#fdca26"],[1.0,"#f0f921"]]}],"choropleth":[{"type":"choropleth","colorbar":{"outlinewidth":0,"ticks":""}}],"histogram2d":[{"type":"histogram2d","colorbar":{"outlinewidth":0,"ticks":""},"colorscale":[[0.0,"#0d0887"],[0.1111111111111111,"#46039f"],[0.2222222222222222,"#7201a8"],[0.3333333333333333,"#9c179e"],[0.4444444444444444,"#bd3786"],[0.5555555555555556,"#d8576b"],[0.6666666666666666,"#ed7953"],[0.7777777777777778,"#fb9f3a"],[0.8888888888888888,"#fdca26"],[1.0,"#f0f921"]]}],"heatmap":[{"type":"heatmap","colorbar":{"outlinewidth":0,"ticks":""},"colorscale":[[0.0,"#0d0887"],[0.1111111111111111,"#46039f"],[0.2222222222222222,"#7201a8"],[0.3333333333333333,"#9c179e"],[0.4444444444444444,"#bd3786"],[0.5555555555555556,"#d8576b"],[0.6666666666666666,"#ed7953"],[0.7777777777777778,"#fb9f3a"],[0.8888888888888888,"#fdca26"],[1.0,"#f0f921"]]}],"heatmapgl":[{"type":"heatmapgl","colorbar":{"outlinewidth":0,"ticks":""},"colorscale":[[0.0,"#0d0887"],[0.1111111111111111,"#46039f"],[0.2222222222222222,"#7201a8"],[0.3333333333333333,"#9c179e"],[0.4444444444444444,"#bd3786"],[0.5555555555555556,"#d8576b"],[0.6666666666666666,"#ed7953"],[0.7777777777777778,"#fb9f3a"],[0.8888888888888888,"#fdca26"],[1.0,"#f0f921"]]}],"contourcarpet":[{"type":"contourcarpet","colorbar":{"outlinewidth":0,"ticks":""}}],"contour":[{"type":"contour","colorbar":{"outlinewidth":0,"ticks":""},"colorscale":[[0.0,"#0d0887"],[0.1111111111111111,"#46039f"],[0.2222222222222222,"#7201a8"],[0.3333333333333333,"#9c179e"],[0.4444444444444444,"#bd3786"],[0.5555555555555556,"#d8576b"],[0.6666666666666666,"#ed7953"],[0.7777777777777778,"#fb9f3a"],[0.8888888888888888,"#fdca26"],[1.0,"#f0f921"]]}],"surface":[{"type":"surface","colorbar":{"outlinewidth":0,"ticks":""},"colorscale":[[0.0,"#0d0887"],[0.1111111111111111,"#46039f"],[0.2222222222222222,"#7201a8"],[0.3333333333333333,"#9c179e"],[0.4444444444444444,"#bd3786"],[0.5555555555555556,"#d8576b"],[0.6666666666666666,"#ed7953"],[0.7777777777777778,"#fb9f3a"],[0.8888888888888888,"#fdca26"],[1.0,"#f0f921"]]}],"mesh3d":[{"type":"mesh3d","colorbar":{"outlinewidth":0,"ticks":""}}],"scatter":[{"fillpattern":{"fillmode":"overlay","size":10,"solidity":0.2},"type":"scatter"}],"parcoords":[{"type":"parcoords","line":{"colorbar":{"outlinewidth":0,"ticks":""}}}],"scatterpolargl":[{"type":"scatterpolargl","marker":{"colorbar":{"outlinewidth":0,"ticks":""}}}],"bar":[{"error_x":{"color":"#2a3f5f"},"error_y":{"color":"#2a3f5f"},"marker":{"line":{"color":"#E5ECF6","width":0.5},"pattern":{"fillmode":"overlay","size":10,"solidity":0.2}},"type":"bar"}],"scattergeo":[{"type":"scattergeo","marker":{"colorbar":{"outlinewidth":0,"ticks":""}}}],"scatterpolar":[{"type":"scatterpolar","marker":{"colorbar":{"outlinewidth":0,"ticks":""}}}],"histogram":[{"marker":{"pattern":{"fillmode":"overlay","size":10,"solidity":0.2}},"type":"histogram"}],"scattergl":[{"type":"scattergl","marker":{"colorbar":{"outlinewidth":0,"ticks":""}}}],"scatter3d":[{"type":"scatter3d","line":{"colorbar":{"outlinewidth":0,"ticks":""}},"marker":{"colorbar":{"outlinewidth":0,"ticks":""}}}],"scattermapbox":[{"type":"scattermapbox","marker":{"colorbar":{"outlinewidth":0,"ticks":""}}}],"scatterternary":[{"type":"scatterternary","marker":{"colorbar":{"outlinewidth":0,"ticks":""}}}],"scattercarpet":[{"type":"scattercarpet","marker":{"colorbar":{"outlinewidth":0,"ticks":""}}}],"carpet":[{"aaxis":{"endlinecolor":"#2a3f5f","gridcolor":"white","linecolor":"white","minorgridcolor":"white","startlinecolor":"#2a3f5f"},"baxis":{"endlinecolor":"#2a3f5f","gridcolor":"white","linecolor":"white","minorgridcolor":"white","startlinecolor":"#2a3f5f"},"type":"carpet"}],"table":[{"cells":{"fill":{"color":"#EBF0F8"},"line":{"color":"white"}},"header":{"fill":{"color":"#C8D4E3"},"line":{"color":"white"}},"type":"table"}],"barpolar":[{"marker":{"line":{"color":"#E5ECF6","width":0.5},"pattern":{"fillmode":"overlay","size":10,"solidity":0.2}},"type":"barpolar"}],"pie":[{"automargin":true,"type":"pie"}]},"layout":{"autotypenumbers":"strict","colorway":["#636efa","#EF553B","#00cc96","#ab63fa","#FFA15A","#19d3f3","#FF6692","#B6E880","#FF97FF","#FECB52"],"font":{"color":"#2a3f5f"},"hovermode":"closest","hoverlabel":{"align":"left"},"paper_bgcolor":"white","plot_bgcolor":"#E5ECF6","polar":{"bgcolor":"#E5ECF6","angularaxis":{"gridcolor":"white","linecolor":"white","ticks":""},"radialaxis":{"gridcolor":"white","linecolor":"white","ticks":""}},"ternary":{"bgcolor":"#E5ECF6","aaxis":{"gridcolor":"white","linecolor":"white","ticks":""},"baxis":{"gridcolor":"white","linecolor":"white","ticks":""},"caxis":{"gridcolor":"white","linecolor":"white","ticks":""}},"coloraxis":{"colorbar":{"outlinewidth":0,"ticks":""}},"colorscale":{"sequential":[[0.0,"#0d0887"],[0.1111111111111111,"#46039f"],[0.2222222222222222,"#7201a8"],[0.3333333333333333,"#9c179e"],[0.4444444444444444,"#bd3786"],[0.5555555555555556,"#d8576b"],[0.6666666666666666,"#ed7953"],[0.7777777777777778,"#fb9f3a"],[0.8888888888888888,"#fdca26"],[1.0,"#f0f921"]],"sequentialminus":[[0.0,"#0d0887"],[0.1111111111111111,"#46039f"],[0.2222222222222222,"#7201a8"],[0.3333333333333333,"#9c179e"],[0.4444444444444444,"#bd3786"],[0.5555555555555556,"#d8576b"],[0.6666666666666666,"#ed7953"],[0.7777777777777778,"#fb9f3a"],[0.8888888888888888,"#fdca26"],[1.0,"#f0f921"]],"diverging":[[0,"#8e0152"],[0.1,"#c51b7d"],[0.2,"#de77ae"],[0.3,"#f1b6da"],[0.4,"#fde0ef"],[0.5,"#f7f7f7"],[0.6,"#e6f5d0"],[0.7,"#b8e186"],[0.8,"#7fbc41"],[0.9,"#4d9221"],[1,"#276419"]]},"xaxis":{"gridcolor":"white","linecolor":"white","ticks":"","title":{"standoff":15},"zerolinecolor":"white","automargin":true,"zerolinewidth":2},"yaxis":{"gridcolor":"white","linecolor":"white","ticks":"","title":{"standoff":15},"zerolinecolor":"white","automargin":true,"zerolinewidth":2},"scene":{"xaxis":{"backgroundcolor":"#E5ECF6","gridcolor":"white","linecolor":"white","showbackground":true,"ticks":"","zerolinecolor":"white","gridwidth":2},"yaxis":{"backgroundcolor":"#E5ECF6","gridcolor":"white","linecolor":"white","showbackground":true,"ticks":"","zerolinecolor":"white","gridwidth":2},"zaxis":{"backgroundcolor":"#E5ECF6","gridcolor":"white","linecolor":"white","showbackground":true,"ticks":"","zerolinecolor":"white","gridwidth":2}},"shapedefaults":{"line":{"color":"#2a3f5f"}},"annotationdefaults":{"arrowcolor":"#2a3f5f","arrowhead":0,"arrowwidth":1},"geo":{"bgcolor":"white","landcolor":"#E5ECF6","subunitcolor":"white","showland":true,"showlakes":true,"lakecolor":"white"},"title":{"x":0.05},"mapbox":{"style":"light"}}},"xaxis":{"anchor":"y","domain":[0.0,1.0],"scaleanchor":"y","constrain":"domain"},"yaxis":{"anchor":"x","domain":[0.0,1.0],"autorange":"reversed","constrain":"domain"},"coloraxis":{"colorscale":[[0.0,"rgb(247,251,255)"],[0.125,"rgb(222,235,247)"],[0.25,"rgb(198,219,239)"],[0.375,"rgb(158,202,225)"],[0.5,"rgb(107,174,214)"],[0.625,"rgb(66,146,198)"],[0.75,"rgb(33,113,181)"],[0.875,"rgb(8,81,156)"],[1.0,"rgb(8,48,107)"]],"cmin":0,"cmax":1},"title":{"text":"4.3.1 Korelasyon matrisi (tek renk, |corr|)"}},                        {"responsive": true}                    )                };                            </script>        </div>
</body>
</html>