<html>
<head><meta charset="utf-8" /></head>
<body>
    <div>                        <script type="text/javascript">window.PlotlyConfig = {MathJaxConfig: 'local'};</script>
        <script charset="utf-8" src="https://cdn.plot.ly/plotly-2.35.2.min.js"></script>                <div id="bd39cc1a-dd40-48fc-83b8-af2ab3bbbf61" class="plotly-graph-div" style="height:1000px; width:1000px;"></div>            <script type="text/javascript">                                    window.PLOTLYENV=window.PLOTLYENV || {};                                    if (document.getElementById("bd39cc1a-dd40-48fc-83b8-af2ab3bbbf61")) {                    Plotly.newPlot(                        "bd39cc1a-dd40-48fc-83b8-af2ab3bbbf61",                        [{"coloraxis":"coloraxis","name":"0","texttemplate":"%{z:.2f}","x":["Student_ID","Weekly_Study_Hours","Attendance_Rate","Sleep_Hours","Previous_Scores","Internet_Usage_Time","Distance_to_School","Practice_Exams_Passed","Extracurricular_Activities","Exam_Score","study_per_sleep","internet_per_sleep","attendance_x_study","preparedness_index","stress_inverse","Weekly_Study_Hours_sq","Attendance_Rate_sq","Previous_Scores_sq"],"y":["Student_ID","Weekly_Study_Hours","Attendance_Rate","Sleep_Hours","Previous_Scores","Internet_Usage_Time","Distance_to_School","Practice_Exams_Passed","Extracurricular_Activities","Exam_Score","study_per_sleep","internet_per_sleep","attendance_x_study","preparedness_index","stress_inverse","Weekly_Study_Hours_sq","Attendance_Rate_sq","Previous_Scores_sq"],"z":[[1.0,0.02147162204687251,0.008918832255524162,0.004957016448272891,0.031205907003177023,0.020202831674652314,0.012870687024488523,0.021142717100346528,0.0035822090683260274,0.032387446601907545,0.01791939348521216,0.017281686480544175,0.022707278739891906,0.031524018220266584,0.010770340684718637,0.017991257589985373,0.008529409714962853,0.030420087940228508],[0.02147162204687251,1.0,0.0033120864819695473,0.6753322051382186,0.5828858247566114,0.5586262453434272,0.008281456090104954,0.84091711176697,0.004620071943361962,0.7938023029000523,0.9796188402268081,0.1873470778244832,0.9761192814309675,0.6185028577687807,0.6967006166884726,0.9823415991147552,0.003194330040866826,0.5777943191169275],[0.008918832255524162,0.0033120864819695473,1.0,0.010229992189265302,0.011949294217148729,0.007421008641600366,0.8415843143876167,0.0073908848615408295,0.0006594197822234669,0.21184662770164434,0.005436469541393446,0.0027070384893242484,0.21172480291887266,0.012024194110748761,0.004723961049713176,0.0039818510157002855,0.9993717503310369,0.012438332833062709],[0.004957016448272891,0.6753322051382186,0.010229992189265302,1.0,0.40587928782645294,0.37692961256474683,0.012383670361138422,0.5757579428335184,0.008817116056049462,0.5314498330067254,0.7904186675285609,0.1967475172955663,0.6609080922056968,0.4300286375106885,0.5789508666563139,0.6656881341957892,0.010122411376027872,0.4034052754091853],[0.031205907003177023,0.5828858247566114,0.011949294217148729,0.40587928782645294,1.0,0.33257795807369844,0.014172291258970793,0.4993198066470643,0.012659278508656583,0.7824188227643003,0.5728131460720285,0.10914168063620457,0.5702419775419043,0.9983369543148194,0.4142961783678037,0.5717604472104273,0.011968992710221135,0.9897450074407214],[0.020202831674652314,0.5586262453434272,0.007421008641600366,0.37692961256474683,0.33257795807369844,1.0,0.016622243083995944,0.48363447060990367,0.008623982387987379,0.5161410708563554,0.5495274586518928,0.830838708511084,0.5466350734528469,0.35315493452932273,0.3880407338846984,0.5567477504559829,0.007098405389264575,0.33016522152822086],[0.012870687024488523,0.008281456090104954,0.8415843143876167,0.012383670361138422,0.014172291258970793,0.016622243083995944,1.0,0.012345826958644234,0.0024042227798918925,0.20481546671933443,0.01010081920895124,0.009796180188856392,0.18375420202885923,0.014499323599137682,0.003202053106344609,0.007542476739032919,0.8413168391358745,0.013682486008587751],[0.021142717100346528,0.84091711176697,0.0073908848615408295,0.5757579428335184,0.4993198066470643,0.48363447060990367,0.012345826958644234,1.0,0.0022955160292435824,0.720919847898353,0.8249414316469788,0.1672462121540107,0.8216984129204385,0.548436919474261,0.6032272119504095,0.8260868043639956,0.00746903395637158,0.4952728710959964],[0.0035822090683260274,0.004620071943361962,0.0006594197822234669,0.008817116056049462,0.012659278508656583,0.008623982387987379,0.0024042227798918925,0.0022955160292435824,1.0,0.08679609380951542,0.0017881017534244006,0.0036156575709973045,0.005438278131055287,0.01237038256226347,0.014164188498104519,0.005867826031155531,0.00025020978419306735,0.012592731112950048],[0.032387446601907545,0.7938023029000523,0.21184662770164434,0.5314498330067254,0.7824188227643003,0.5161410708563554,0.20481546671933443,0.720919847898353,0.08679609380951542,1.0,0.7753946470827543,0.2279002529465251,0.8180087979431591,0.8030907705818174,0.534138706065707,0.7788689634352425,0.21169956416257632,0.775892681288691],[0.01791939348521216,0.9796188402268081,0.005436469541393446,0.7904186675285609,0.5728131460720285,0.5495274586518928,0.01010081920895124,0.8249414316469788,0.0017881017534244006,0.7753946470827543,1.0,0.10905579556497787,0.9567101340529073,0.6077186105158532,0.6948138207856267,0.9762817574411782,0.005321728964031343,0.5714873631718687],[0.017281686480544175,0.1873470778244832,0.0027070384893242484,0.1967475172955663,0.10914168063620457,0.830838708511084,0.009796180188856392,0.1672462121540107,0.0036156575709973045,0.2279002529465251,0.10905579556497787,1.0,0.18356902915930784,0.116462122780369,0.06414809818426287,0.19351501576342547,0.002407894220863359,0.10877147939932132],[0.022707278739891906,0.9761192814309675,0.21172480291887266,0.6609080922056968,0.5702419775419043,0.5466350734528469,0.18375420202885923,0.8216984129204385,0.005438278131055287,0.8180087979431591,0.9567101340529073,0.18356902915930784,1.0,0.6050213610075438,0.6785293077571709,0.9590639907407085,0.21141394154283077,0.5653675493060315],[0.031524018220266584,0.6185028577687807,0.012024194110748761,0.4300286375106885,0.9983369543148194,0.35315493452932273,0.014499323599137682,0.548436919474261,0.01237038256226347,0.8030907705818174,0.6077186105158532,0.116462122780369,0.6050213610075438,1.0,0.4399796020938085,0.6067788450216587,0.012048405159825786,0.9881704487490307],[0.010770340684718637,0.6967006166884726,0.004723961049713176,0.5789508666563139,0.4142961783678037,0.3880407338846984,0.003202053106344609,0.6032272119504095,0.014164188498104519,0.534138706065707,0.6948138207856267,0.06414809818426287,0.6785293077571709,0.4399796020938085,1.0,0.6577992143798577,0.004832441020373965,0.40269348410450684],[0.017991257589985373,0.9823415991147552,0.0039818510157002855,0.6656881341957892,0.5717604472104273,0.5567477504559829,0.007542476739032919,0.8260868043639956,0.005867826031155531,0.7788689634352425,0.9762817574411782,0.19351501576342547,0.9590639907407085,0.6067788450216587,0.6577992143798577,1.0,0.003891880399951993,0.5755806597386324],[0.008529409714962853,0.003194330040866826,0.9993717503310369,0.010122411376027872,0.011968992710221135,0.007098405389264575,0.8413168391358745,0.00746903395637158,0.00025020978419306735,0.21169956416257632,0.005321728964031343,0.002407894220863359,0.21141394154283077,0.012048405159825786,0.004832441020373965,0.003891880399951993,1.0,0.012486517368942556],[0.030420087940228508,0.5777943191169275,0.012438332833062709,0.4034052754091853,0.9897450074407214,0.33016522152822086,0.013682486008587751,0.4952728710959964,0.012592731112950048,0.775892681288691,0.5714873631718687,0.10877147939932132,0.5653675493060315,0.9881704487490307,0.40269348410450684,0.5755806597386324,0.012486517368942556,1.0]],"type":"heatmap","xaxis":"x","yaxis":"y","hovertemplate":"x: %{x}\u003cbr\u003ey: %{y}\u003cbr\u003ecolor: %{z}\u003cextra\u003e\u003c\u002fextra\u003e","textfont":{"size":8}}],                        {"template":{"data":{"histogram2dcontour":[{"type":"histogram2dcontour","colorbar":{"outlinewidth":0,"ticks":""},"colorscale":[[0.0,"#0d0887"],[0.1111111111111111,"#46039f"],[0.2222222222222222,"#7201a8"],[0.3333333333333333,"#9c179e"],[0.4444444444444444,"#bd3786"],[0.5555555555555556,"#d8576b"],[0.6666666666666666,"#ed7953"],[0.7777777777777778,"#fb9f3a"],[0.8888888888888888,"#fdca26"],[1.0,"#f0f921"]]}],"choropleth":[{"type":"choropleth","colorbar":{"outlinewidth":0,"ticks":""}}],"histogram2d":[{"type":"histogram2d","colorbar":{"outlinewidth":0,"ticks":""},"colorscale":[[0.0,"#0d0887"],[0.1111111111111111,"#46039f"],[0.2222222222222222,"#7201a8"],[0.3333333333333333,"#9c179e"],[0.4444444444444444,"#bd3786"],[0.5555555555555556,"#d8576b"],[0.6666666666666666,"#ed7953"],[0.7777777777777778,"#fb9f3a"],[0.8888888888888888,"#fdca26"],[1.0,"#f0f921"]]}],"heatmap":[{"type":"heatmap","colorbar":{"outlinewidth":0,"ticks":""},"colorscale":[[0.0,"#0d0887"],[0.1111111111111111,"#46039f"],[0.2222222222222222,"#7201a8"],[0.3333333333333333,"#9c179e"],[0.4444444444444444,"#bd3786"],[0.5555555555555556,"#d8576b"],[0.6666666666666666,"#ed7953"],[0.7777777777777778,"#fb9f3a"],[0.8888888888888888,"#fdca26"],[1.0,"#f0f921"]]}],"heatmapgl":[{"type":"heatmapgl","colorbar":{"outlinewidth":0,"ticks":""},"colorscale":[[0.0,"#0d0887"],[0.1111111111111111,"#46039f"],[0.2222222222222222,"#7201a8"],[0.3333333333333333,"#9c179e"],[0.4444444444444444,"#bd3786"],[0.5555555555555556,"#d8576b"],[0.6666666666666666,"#ed7953"],[0.7777777777777778,"#fb9f3a"],[0.8888888888888888,"#fdca26"],[1.0,"#f0f921"]]}],"contourcarpet":[{"type":"contourcarpet","colorbar":{"outlinewidth":0,"ticks":""}}],"contour":[{"type":"contour","colorbar":{"outlinewidth":0,"ticks":""},"colorscale":[[0.0,"#0d0887"],[0.1111111111111111,"#46039f"],[0.2222222222222222,"#7201a8"],[0.3333333333333333,"#9c179e"],[0.4444444444444444,"#bd3786"],[0.5555555555555556,"#d8576b"],[0.6666666666666666,"#ed7953"],[0.7777777777777778,"#fb9f3a"],[0.8888888888888888,"#fdca26"],[1.0,"#f0f921"]]}],"surface":[{"type":"surface","colorbar":{"outlinewidth":0,"ticks":""},"colorscale":[[0.0,"#0d0887"],[0.1111111111111111,"#46039f"],[0.2222222222222222,"#7201a8"],[0.3333333333333333,"#9c179e"],[0.4444444444444444,"#bd3786"],[0.5555555555555556,"#d8576b"],[0.6666666666666666,"#ed7953"],[0.7777777777777778,"#fb9f3a"],[0.8888888888888888,"#fdca26"],[1.0,"#f0f921"]]}],"mesh3d":[{"type":"mesh3d","colorbar":{"outlinewidth":0,"ticks":""}}],"scatter":[{"fillpattern":{"fillmode":"overlay","size":10,"solidity":0.2},"type":"scatter"}],"parcoords":[{"type":"parcoords","line":{"colorbar":{"outlinewidth":0,"ticks":""}}}],"scatterpolargl":[{"type":"scatterpolargl","marker":{"colorbar":{"outlinewidth":0,"ticks":""}}}],"bar":[{"error_x":{"color":"#2a3f5f"},"error_y":{"color":"#2a3f5f"},"marker":{"line":{"color":"#E5ECF6","width":0.5},"pattern":{"fillmode":"overlay","size":10,"solidity":0.2}},"type":"bar"}],"scattergeo":[{"type":"scattergeo","marker":{"colorbar":{"outlinewidth":0,"ticks":""}}}],"scatterpolar":[{"type":"scatterpolar","marker":{"colorbar":{"outlinewidth":0,"ticks":""}}}],"histogram":[{"marker":{"pattern":{"fillmode":"overlay","size":10,"solidity":0.2}},"type":"histogram"}],"scattergl":[{"type":"scattergl","marker":{"colorbar":{"outlinewidth":0,"ticks":""}}}],"scatter3d":[{"type":"scatter3d","line":{"colorbar":{"outlinewidth":0,"ticks":""}},"marker":{"colorbar":{"outlinewidth":0,"ticks":""}}}],"scattermapbox":[{"type":"scattermapbox","marker":{"colorbar":{"outlinewidth":0,"ticks":""}}}],"scatterternary":[{"type":"scatterternary","marker":{"colorbar":{"outlinewidth":0,"ticks":""}}}],"scattercarpet":[{"type":"scattercarpet","marker":{"colorbar":{"outlinewidth":0,"ticks":""}}}],"carpet":[{"aaxis":{"endlinecolor":"#2a3f5f","gridcolor":"white","linecolor":"white","minorgridcolor":"white","startlinecolor":"#2a3f5f"},"baxis":{"endlinecolor":"#2a3f5f","gridcolor":"white","linecolor":"white","minorgridcolor":"white","startlinecolor":"#2a3f5f"},"type":"carpet"}],"table":[{"cells":{"fill":{"color":"#EBF0F8"},"line":{"color":"white"}},"header":{"fill":{"color":"#C8D4E3"},"line":{"color":"white"}},"type":"table"}],"barpolar":[{"marker":{"line":{"color":"#E5ECF6","width":0.5},"pattern":{"fillmode":"overlay","size":10,"solidity":0.2}},"type":"barpolar"}],"pie":[{"automargin":true,"type":"pie"}]},"layout":{"autotypenumbers":"strict","colorway":["#636efa","#EF553B","#00cc96","#ab63fa","#FFA15A","#19d3f3","#FF6692","#B6E880","#FF97FF","#FECB52"],"font":{"color":"#2a3f5f"},"hovermode":"closest","hoverlabel":{"align":"left"},"paper_bgcolor":"white","plot_bgcolor":"#E5ECF6","polar":{"bgcolor":"#E5ECF6","angularaxis":{"gridcolor":"white","linecolor":"white","ticks":""},"radialaxis":{"gridcolor":"white","linecolor":"white","ticks":""}},"ternary":{"bgcolor":"#E5ECF6","aaxis":{"gridcolor":"white","linecolor":"white","ticks":""},"baxis":{"gridcolor":"white","linecolor":"white","ticks":""},"caxis":{"gridcolor":"white","linecolor":"white","ticks":""}},"coloraxis":{"colorbar":{"outlinewidth":0,"ticks":""}},"colorscale":{"sequential":[[0.0,"#0d0887"],[0.1111111111111111,"#46039f"],[0.2222222222222222,"#7201a8"],[0.3333333333333333,"#9c179e"],[0.4444444444444444,"#bd3786"],[0.5555555555555556,"#d8576b"],[0.6666666666666666,"#ed7953"],[0.7777777777777778,"#fb9f3a"],[0.8888888888888888,"#fdca26"],[1.0,"#f0f921"]],"sequentialminus":[[0.0,"#0d0887"],[0.1111111111111111,"#46039f"],[0.2222222222222222,"#7201a8"],[0.3333333333333333,"#9c179e"],[0.4444444444444444,"#bd3786"],[0.5555555555555556,"#d8576b"],[0.6666666666666666,"#ed7953"],[0.7777777777777778,"#fb9f3a"],[0.8888888888888888,"#fdca26"],[1.0,"#f0f921"]],"diverging":[[0,"#8e0152"],[0.1,"#c51b7d"],[0.2,"#de77ae"],[0.3,"#f1b6da"],[0.4,"#fde0ef"],[0.5,"#f7f7f7"],[0.6,"#e6f5d0"],[0.7,"#b8e186"],[0.8,"#7fbc41"],[0.9,"#4d9221"],[1,"#276419"]]},"xaxis":{"gridcolor":"white","linecolor":"white","ticks":"","title":{"standoff":15},"zerolinecolor":"white","automargin":true,"zerolinewidth":2},"yaxis":{"gridcolor":"white","linecolor":"white","ticks":"","title":{"standoff":15},"zerolinecolor":"white","automargin":true,"zerolinewidth":2},"scene":{"xaxis":{"backgroundcolor":"#E5ECF6","gridcolor":"white","linecolor":"white","showbackground":true,"ticks":"","zerolinecolor":"white","gridwidth":2},"yaxis":{"backgroundcolor":"#E5ECF6","gridcolor":"white","linecolor":"white","showbackground":true,"ticks":"","zerolinecolor":"white","gridwidth":2},"zaxis":{"backgroundcolor":"#E5ECF6","gridcolor":"white","linecolor":"white","showbackground":true,"ticks":"","zerolinecolor":"white","gridwidth":2}},"shapedefaults":{"line":{"color":"#2a3f5f"}},"annotationdefaults":{"arrowcolor":"#2a3f5f","arrowhead":0,"arrowwidth":1},"geo":{"bgcolor":"white","landcolor":"#E5ECF6","subunitcolor":"white","showland":true,"showlakes":true,"lakecolor":"white"},"title":{"x":0.05},"mapbox":{"style":"light"}}},"xaxis":{"anchor":"y","domain":[0.0,1.0],"scaleanchor":"y","constrain":"domain","side":"bottom","tickangle":45},"yaxis":{"anchor":"x","domain":[0.0,1.0],"autorange":"reversed","constrain":"domain"},"coloraxis":{"colorscale":[[0.0,"rgb(247,251,255)"],[0.125,"rgb(222,235,247)"],[0.25,"rgb(198,219,239)"],[0.375,"rgb(158,202,225)"],[0.5,"rgb(107,174,214)"],[0.625,"rgb(66,146,198)"],[0.75,"rgb(33,113,181)"],[0.875,"rgb(8,81,156)"],[1.0,"rgb(8,48,107)"]],"cmin":0,"cmax":1},"title":{"text":"4.3.1 Korelasyon matrisi (tek renk, |corr|)"},"height":1000,"width":1000},                        {"responsive": true}                    )                };                            </script>        </div>
</body>
</html>