<html>
<head><meta charset="utf-8" /></head>
<body>
    <div>                        <script type="text/javascript">window.PlotlyConfig = {MathJaxConfig: 'local'};</script>
        <script charset="utf-8" src="https://cdn.plot.ly/plotly-2.35.2.min.js"></script>                <div id="9702bebe-5959-4d37-a9c5-3d19da0bda84" class="plotly-graph-div" style="height:1000px; width:1000px;"></div>            <script type="text/javascript">                                    window.PLOTLYENV=window.PLOTLYENV || {};                                    if (document.getElementById("9702bebe-5959-4d37-a9c5-3d19da0bda84")) {                    Plotly.newPlot(                        "9702bebe-5959-4d37-a9c5-3d19da0bda84",                        [{"coloraxis":"coloraxis","name":"0","texttemplate":"%{z:.2f}","x":["Student_ID","Weekly_Study_Hours","Attendance_Rate","Sleep_Hours","Previous_Scores","Internet_Usage_Time","Distance_to_School","Practice_Exams_Passed","Extracurricular_Activities","Exam_Score","study_per_sleep","internet_per_sleep","attendance_x_study","preparedness_index","stress_inverse","Weekly_Study_Hours_sq","Attendance_Rate_sq","Previous_Scores_sq"],"y":["Student_ID","Weekly_Study_Hours","Attendance_Rate","Sleep_Hours","Previous_Scores","Internet_Usage_Time","Distance_to_School","Practice_Exams_Passed","Extracurricular_Activities","Exam_Score","study_per_sleep","internet_per_sleep","attendance_x_study","preparedness_index","stress_inverse","Weekly_Study_Hours_sq","Attendance_Rate_sq","Previous_Scores_sq"],"z":[[1.0,0.02147553681230298,0.008918832255524162,0.0050151013767681715,0.031205907003177023,0.02039294348630565,0.012596090073463923,0.021142717100346528,0.004641649382549898,0.032387446601907545,0.01793573282528742,0.01749988022650082,0.022712970600714793,0.031524018220266584,0.010770340684718637,0.01797566085139803,0.008529409714962853,0.030420087940228508],[0.02147553681230298,1.0,0.0036398512939587475,0.6753196043783318,0.5833226403463633,0.5596387163885024,0.008359431001525327,0.8412485231421686,0.00451314347587464,0.7940747208394754,0.9796259701640236,0.18852176831361792,0.9761319833371301,0.6189464855315264,0.6972028336710401,0.9823457703252816,0.0035248384866107185,0.5782130501675506],[0.008918832255524162,0.0036398512939587475,1.0,0.010114448459421627,0.011949294217148729,0.007772709832232534,0.8414781008226656,0.0073908848615408295,0.0011745251588430824,0.21184662770164434,0.005689546821088249,0.0031063575623078883,0.21198598376792696,0.012024194110748761,0.004723961049713176,0.004290687037106351,0.9993717503310369,0.012438332833062709],[0.0050151013767681715,0.6753196043783318,0.010114448459421627,1.0,0.40595032880983883,0.3772418963303225,0.012199279270056202,0.5757577942781628,0.008609331625681732,0.531495783022383,0.790386114422167,0.19637722713537029,0.6608465575363907,0.4300971902758944,0.5789606866204394,0.6657062626498979,0.010005532600275431,0.40347751948968813],[0.031205907003177023,0.5833226403463633,0.011949294217148729,0.40595032880983883,1.0,0.3327387713889323,0.014095886511411549,0.4993198066470643,0.013184071827291909,0.7824188227643003,0.5731879291084085,0.10933858895712084,0.5706425150418659,0.9983369543148194,0.4142961783678037,0.5722054119276577,0.011968992710221135,0.9897450074407214],[0.02039294348630565,0.5596387163885024,0.007772709832232534,0.3772418963303225,0.3327387713889323,1.0,0.01686229008823072,0.4840431104880376,0.008048289169202862,0.5163597501450674,0.55041407359147,0.830862241277402,0.5476620404400093,0.3533373271297692,0.38877126315533905,0.5578155141203835,0.007439434741501581,0.330337258359355],[0.012596090073463923,0.008359431001525327,0.8414781008226656,0.012199279270056202,0.014095886511411549,0.01686229008823072,1.0,0.012211500106052164,0.002185178811654395,0.20463880803069545,0.010162509074712155,0.010144151547934962,0.1837504148224894,0.014416646684359652,0.0033075264088535164,0.007669394166866395,0.8412138006382822,0.013584832227856197],[0.021142717100346528,0.8412485231421686,0.0073908848615408295,0.5757577942781628,0.4993198066470643,0.4840431104880376,0.012211500106052164,1.0,0.0013883660233779684,0.720919847898353,0.8252141224939328,0.1677554470259692,0.8219788089460862,0.548436919474261,0.6032272119504095,0.8264469008978408,0.00746903395637158,0.4952728710959964],[0.004641649382549898,0.00451314347587464,0.0011745251588430824,0.008609331625681732,0.013184071827291909,0.008048289169202862,0.002185178811654395,0.0013883660233779684,1.0,0.08643443325564149,0.0017167411872518925,0.003021224793640937,0.005491158152927542,0.012816509486615887,0.013340440996564472,0.005517657033666696,0.0007264535380317932,0.013036527541186563],[0.032387446601907545,0.7940747208394754,0.21184662770164434,0.531495783022383,0.7824188227643003,0.5163597501450674,0.20463880803069545,0.720919847898353,0.08643443325564149,1.0,0.7756336682167596,0.22819204567962828,0.8182140042266416,0.8030907705818174,0.534138706065707,0.7791619324274529,0.21169956416257632,0.775892681288691],[0.01793573282528742,0.9796259701640236,0.005689546821088249,0.790386114422167,0.5731879291084085,0.55041407359147,0.010162509074712155,0.8252141224939328,0.0017167411872518925,0.7756336682167596,1.0,0.11010999277639309,0.9567191059127204,0.6080984627404225,0.6952158780117781,0.9762976297252022,0.005576119464491053,0.5718462354881723],[0.01749988022650082,0.18852176831361792,0.0031063575623078883,0.19637722713537029,0.10933858895712084,0.830862241277402,0.010144151547934962,0.1677554470259692,0.003021224793640937,0.22819204567962828,0.11010999277639309,1.0,0.18477644397066248,0.11668604440284835,0.06494318906145499,0.19474271978071891,0.0027965269989389755,0.108977016340637],[0.022712970600714793,0.9761319833371301,0.21198598376792696,0.6608465575363907,0.5706425150418659,0.5476620404400093,0.1837504148224894,0.8219788089460862,0.005491158152927542,0.8182140042266416,0.9567191059127204,0.18477644397066248,1.0,0.6054265819007871,0.6790054837495694,0.9590770541268768,0.21167958250939328,0.5657483809215583],[0.031524018220266584,0.6189464855315264,0.012024194110748761,0.4300971902758944,0.9983369543148194,0.3533373271297692,0.014416646684359652,0.548436919474261,0.012816509486615887,0.8030907705818174,0.6080984627404225,0.11668604440284835,0.6054265819007871,1.0,0.4399796020938085,0.6072322462279843,0.012048405159825786,0.9881704487490307],[0.010770340684718637,0.6972028336710401,0.004723961049713176,0.5789606866204394,0.4142961783678037,0.38877126315533905,0.0033075264088535164,0.6032272119504095,0.013340440996564472,0.534138706065707,0.6952158780117781,0.06494318906145499,0.6790054837495694,0.4399796020938085,1.0,0.6583213971325798,0.004832441020373965,0.40269348410450684],[0.01797566085139803,0.9823457703252816,0.004290687037106351,0.6657062626498979,0.5722054119276577,0.5578155141203835,0.007669394166866395,0.8264469008978408,0.005517657033666696,0.7791619324274529,0.9762976297252022,0.19474271978071891,0.9590770541268768,0.6072322462279843,0.6583213971325798,1.0,0.004203420919961225,0.576006375253474],[0.008529409714962853,0.0035248384866107185,0.9993717503310369,0.010005532600275431,0.011968992710221135,0.007439434741501581,0.8412138006382822,0.00746903395637158,0.0007264535380317932,0.21169956416257632,0.005576119464491053,0.0027965269989389755,0.21167958250939328,0.012048405159825786,0.004832441020373965,0.004203420919961225,1.0,0.012486517368942556],[0.030420087940228508,0.5782130501675506,0.012438332833062709,0.40347751948968813,0.9897450074407214,0.330337258359355,0.013584832227856197,0.4952728710959964,0.013036527541186563,0.775892681288691,0.5718462354881723,0.108977016340637,0.5657483809215583,0.9881704487490307,0.40269348410450684,0.576006375253474,0.012486517368942556,1.0]],"type":"heatmap","xaxis":"x","yaxis":"y","hovertemplate":"x: %{x}\u003cbr\u003ey: %{y}\u003cbr\u003ecolor: %{z}\u003cextra\u003e\u003c\u002fextra\u003e","textfont":{"size":8}}],                        {"template":{"data":{"histogram2dcontour":[{"type":"histogram2dcontour","colorbar":{"outlinewidth":0,"ticks":""},"colorscale":[[0.0,"#0d0887"],[0.1111111111111111,"#46039f"],[0.2222222222222222,"#7201a8"],[0.3333333333333333,"#9c179e"],[0.4444444444444444,"#bd3786"],[0.5555555555555556,"#d8576b"],[0.6666666666666666,"#ed7953"],[0.7777777777777778,"#fb9f3a"],[0.8888888888888888,"#fdca26"],[1.0,"#f0f921"]]}],"choropleth":[{"type":"choropleth","colorbar":{"outlinewidth":0,"ticks":""}}],"histogram2d":[{"type":"histogram2d","colorbar":{"outlinewidth":0,"ticks":""},"colorscale":[[0.0,"#0d0887"],[0.1111111111111111,"#46039f"],[0.2222222222222222,"#7201a8"],[0.3333333333333333,"#9c179e"],[0.4444444444444444,"#bd3786"],[0.5555555555555556,"#d8576b"],[0.6666666666666666,"#ed7953"],[0.7777777777777778,"#fb9f3a"],[0.8888888888888888,"#fdca26"],[1.0,"#f0f921"]]}],"heatmap":[{"type":"heatmap","colorbar":{"outlinewidth":0,"ticks":""},"colorscale":[[0.0,"#0d0887"],[0.1111111111111111,"#46039f"],[0.2222222222222222,"#7201a8"],[0.3333333333333333,"#9c179e"],[0.4444444444444444,"#bd3786"],[0.5555555555555556,"#d8576b"],[0.6666666666666666,"#ed7953"],[0.7777777777777778,"#fb9f3a"],[0.8888888888888888,"#fdca26"],[1.0,"#f0f921"]]}],"heatmapgl":[{"type":"heatmapgl","colorbar":{"outlinewidth":0,"ticks":""},"colorscale":[[0.0,"#0d0887"],[0.1111111111111111,"#46039f"],[0.2222222222222222,"#7201a8"],[0.3333333333333333,"#9c179e"],[0.4444444444444444,"#bd3786"],[0.5555555555555556,"#d8576b"],[0.6666666666666666,"#ed7953"],[0.7777777777777778,"#fb9f3a"],[0.8888888888888888,"#fdca26"],[1.0,"#f0f921"]]}],"contourcarpet":[{"type":"contourcarpet","colorbar":{"outlinewidth":0,"ticks":""}}],"contour":[{"type":"contour","colorbar":{"outlinewidth":0,"ticks":""},"colorscale":[[0.0,"#0d0887"],[0.1111111111111111,"#46039f"],[0.2222222222222222,"#7201a8"],[0.3333333333333333,"#9c179e"],[0.4444444444444444,"#bd3786"],[0.5555555555555556,"#d8576b"],[0.6666666666666666,"#ed7953"],[0.7777777777777778,"#fb9f3a"],[0.8888888888888888,"#fdca26"],[1.0,"#f0f921"]]}],"surface":[{"type":"surface","colorbar":{"outlinewidth":0,"ticks":""},"colorscale":[[0.0,"#0d0887"],[0.1111111111111111,"#46039f"],[0.2222222222222222,"#7201a8"],[0.3333333333333333,"#9c179e"],[0.4444444444444444,"#bd3786"],[0.5555555555555556,"#d8576b"],[0.6666666666666666,"#ed7953"],[0.7777777777777778,"#fb9f3a"],[0.8888888888888888,"#fdca26"],[1.0,"#f0f921"]]}],"mesh3d":[{"type":"mesh3d","colorbar":{"outlinewidth":0,"ticks":""}}],"scatter":[{"fillpattern":{"fillmode":"overlay","size":10,"solidity":0.2},"type":"scatter"}],"parcoords":[{"type":"parcoords","line":{"colorbar":{"outlinewidth":0,"ticks":""}}}],"scatterpolargl":[{"type":"scatterpolargl","marker":{"colorbar":{"outlinewidth":0,"ticks":""}}}],"bar":[{"error_x":{"color":"#2a3f5f"},"error_y":{"color":"#2a3f5f"},"marker":{"line":{"color":"#E5ECF6","width":0.5},"pattern":{"fillmode":"overlay","size":10,"solidity":0.2}},"type":"bar"}],"scattergeo":[{"type":"scattergeo","marker":{"colorbar":{"outlinewidth":0,"ticks":""}}}],"scatterpolar":[{"type":"scatterpolar","marker":{"colorbar":{"outlinewidth":0,"ticks":""}}}],"histogram":[{"marker":{"pattern":{"fillmode":"overlay","size":10,"solidity":0.2}},"type":"histogram"}],"scattergl":[{"type":"scattergl","marker":{"colorbar":{"outlinewidth":0,"ticks":""}}}],"scatter3d":[{"type":"scatter3d","line":{"colorbar":{"outlinewidth":0,"ticks":""}},"marker":{"colorbar":{"outlinewidth":0,"ticks":""}}}],"scattermapbox":[{"type":"scattermapbox","marker":{"colorbar":{"outlinewidth":0,"ticks":""}}}],"scatterternary":[{"type":"scatterternary","marker":{"colorbar":{"outlinewidth":0,"ticks":""}}}],"scattercarpet":[{"type":"scattercarpet","marker":{"colorbar":{"outlinewidth":0,"ticks":""}}}],"carpet":[{"aaxis":{"endlinecolor":"#2a3f5f","gridcolor":"white","linecolor":"white","minorgridcolor":"white","startlinecolor":"#2a3f5f"},"baxis":{"endlinecolor":"#2a3f5f","gridcolor":"white","linecolor":"white","minorgridcolor":"white","startlinecolor":"#2a3f5f"},"type":"carpet"}],"table":[{"cells":{"fill":{"color":"#EBF0F8"},"line":{"color":"white"}},"header":{"fill":{"color":"#C8D4E3"},"line":{"color":"white"}},"type":"table"}],"barpolar":[{"marker":{"line":{"color":"#E5ECF6","width":0.5},"pattern":{"fillmode":"overlay","size":10,"solidity":0.2}},"type":"barpolar"}],"pie":[{"automargin":true,"type":"pie"}]},"layout":{"autotypenumbers":"strict","colorway":["#636efa","#EF553B","#00cc96","#ab63fa","#FFA15A","#19d3f3","#FF6692","#B6E880","#FF97FF","#FECB52"],"font":{"color":"#2a3f5f"},"hovermode":"closest","hoverlabel":{"align":"left"},"paper_bgcolor":"white","plot_bgcolor":"#E5ECF6","polar":{"bgcolor":"#E5ECF6","angularaxis":{"gridcolor":"white","linecolor":"white","ticks":""},"radialaxis":{"gridcolor":"white","linecolor":"white","ticks":""}},"ternary":{"bgcolor":"#E5ECF6","aaxis":{"gridcolor":"white","linecolor":"white","ticks":""},"baxis":{"gridcolor":"white","linecolor":"white","ticks":""},"caxis":{"gridcolor":"white","linecolor":"white","ticks":""}},"coloraxis":{"colorbar":{"outlinewidth":0,"ticks":""}},"colorscale":{"sequential":[[0.0,"#0d0887"],[0.1111111111111111,"#46039f"],[0.2222222222222222,"#7201a8"],[0.3333333333333333,"#9c179e"],[0.4444444444444444,"#bd3786"],[0.5555555555555556,"#d8576b"],[0.6666666666666666,"#ed7953"],[0.7777777777777778,"#fb9f3a"],[0.8888888888888888,"#fdca26"],[1.0,"#f0f921"]],"sequentialminus":[[0.0,"#0d0887"],[0.1111111111111111,"#46039f"],[0.2222222222222222,"#7201a8"],[0.3333333333333333,"#9c179e"],[0.4444444444444444,"#bd3786"],[0.5555555555555556,"#d8576b"],[0.6666666666666666,"#ed7953"],[0.7777777777777778,"#fb9f3a"],[0.8888888888888888,"#fdca26"],[1.0,"#f0f921"]],"diverging":[[0,"#8e0152"],[0.1,"#c51b7d"],[0.2,"#de77ae"],[0.3,"#f1b6da"],[0.4,"#fde0ef"],[0.5,"#f7f7f7"],[0.6,"#e6f5d0"],[0.7,"#b8e186"],[0.8,"#7fbc41"],[0.9,"#4d9221"],[1,"#276419"]]},"xaxis":{"gridcolor":"white","linecolor":"white","ticks":"","title":{"standoff":15},"zerolinecolor":"white","automargin":true,"zerolinewidth":2},"yaxis":{"gridcolor":"white","linecolor":"white","ticks":"","title":{"standoff":15},"zerolinecolor":"white","automargin":true,"zerolinewidth":2},"scene":{"xaxis":{"backgroundcolor":"#E5ECF6","gridcolor":"white","linecolor":"white","showbackground":true,"ticks":"","zerolinecolor":"white","gridwidth":2},"yaxis":{"backgroundcolor":"#E5ECF6","gridcolor":"white","linecolor":"white","showbackground":true,"ticks":"","zerolinecolor":"white","gridwidth":2},"zaxis":{"backgroundcolor":"#E5ECF6","gridcolor":"white","linecolor":"white","showbackground":true,"ticks":"","zerolinecolor":"white","gridwidth":2}},"shapedefaults":{"line":{"color":"#2a3f5f"}},"annotationdefaults":{"arrowcolor":"#2a3f5f","arrowhead":0,"arrowwidth":1},"geo":{"bgcolor":"white","landcolor":"#E5ECF6","subunitcolor":"white","showland":true,"showlakes":true,"lakecolor":"white"},"title":{"x":0.05},"mapbox":{"style":"light"}}},"xaxis":{"anchor":"y","domain":[0.0,1.0],"scaleanchor":"y","constrain":"domain","side":"bottom","tickangle":45},"yaxis":{"anchor":"x","domain":[0.0,1.0],"autorange":"reversed","constrain":"domain"},"coloraxis":{"colorscale":[[0.0,"rgb(247,251,255)"],[0.125,"rgb(222,235,247)"],[0.25,"rgb(198,219,239)"],[0.375,"rgb(158,202,225)"],[0.5,"rgb(107,174,214)"],[0.625,"rgb(66,146,198)"],[0.75,"rgb(33,113,181)"],[0.875,"rgb(8,81,156)"],[1.0,"rgb(8,48,107)"]],"cmin":0,"cmax":1},"title":{"text":"4.3.1 Korelasyon matrisi (tek renk, |corr|)"},"height":1000,"width":1000},                        {"responsive": true}                    )                };                            </script>        </div>
</body>
</html>