<html>
<head><meta charset="utf-8" /></head>
<body>
    <div>                        <script type="text/javascript">window.PlotlyConfig = {MathJaxConfig: 'local'};</script>
        <script charset="utf-8" src="https://cdn.plot.ly/plotly-2.35.2.min.js"></script>                <div id="44454e76-7ac6-465a-80ca-dfdd8a0b7a43" class="plotly-graph-div" style="height:480px; width:920px;"></div>            <script type="text/javascript">                                    window.PLOTLYENV=window.PLOTLYENV || {};                                    if (document.getElementById("44454e76-7ac6-465a-80ca-dfdd8a0b7a43")) {                    Plotly.newPlot(                        "44454e76-7ac6-465a-80ca-dfdd8a0b7a43",                        [{"coloraxis":"coloraxis","name":"0","x":["Student_ID","Weekly_Study_Hours","Attendance_Rate","Sleep_Hours","Previous_Scores","Internet_Usage_Time","Distance_to_School","Stress_Level","Practice_Exams_Passed","Extracurricular_Activities","Exam_Score","study_per_sleep","internet_per_sleep","attendance_x_study","preparedness_index","stress_inverse","Weekly_Study_Hours_sq","Attendance_Rate_sq","Previous_Scores_sq"],"y":["Student_ID","Weekly_Study_Hours","Attendance_Rate","Sleep_Hours","Previous_Scores","Internet_Usage_Time","Distance_to_School","Stress_Level","Practice_Exams_Passed","Extracurricular_Activities","Exam_Score","study_per_sleep","internet_per_sleep","attendance_x_study","preparedness_index","stress_inverse","Weekly_Study_Hours_sq","Attendance_Rate_sq","Previous_Scores_sq"],"z":[[1.0,-0.019805196654179357,-0.008918832255524162,0.006073334457399734,-0.031205907003177023,0.019012477648656014,0.014192663553514024,-0.01033247010344856,-0.021142717100346528,0.0035822090683260274,-0.03240791676043169,-0.01687826695395495,0.015263627573804258,-0.021032985851547777,-0.031524018220266584,0.013984536542535463,-0.016446901821641005,-0.008529409714962853,-0.030420087940228508],[-0.019805196654179357,1.0,0.0036429268327070035,-0.6700588569245232,0.5719029631161904,-0.5494868896975728,-0.006207121625096005,0.752529359402344,0.8378741148134676,0.003277756125603325,0.7870253339620329,0.9792606875144749,-0.17793049596002908,0.9758482256487154,0.6077006739733075,-0.7176101164475528,0.9821674773439644,0.0035251162806376607,0.5665947267511354],[-0.008918832255524162,0.0036429268327070035,1.0,-0.010745898322339392,0.011949294217148729,-0.006705707793722158,-0.8194121799233034,-0.0016200018003031287,0.0073908848615408295,0.0006594197822234669,0.2116413806559399,0.0059575795600395505,-0.0016732657187305854,0.2133337495546026,0.012024194110748761,0.0013749331544924892,0.004065612487316343,0.9993717503310369,0.012438332833062709],[0.006073334457399734,-0.6700588569245232,-0.010745898322339392,1.0,-0.4026521254823729,0.36921094027566936,0.009442296087257171,-0.6275812295094068,-0.5735112134654783,0.008047089955204223,-0.5287622260104375,-0.7872836528457842,-0.2066721226642377,-0.65583422171674,-0.42676456864863355,0.5956650028381162,-0.6603322314200376,-0.010686384913509043,-0.4001636251875164],[-0.031205907003177023,0.5719029631161904,0.011949294217148729,-0.4026521254823729,1.0,-0.32328309526832083,-0.015227007290514495,0.44308246504977467,0.4993198066470643,0.012659278508656583,0.7826805643301347,0.5636263422990051,-0.09955565439719051,0.55931876438827,0.9983369543148194,-0.4253799356674142,0.5608768243403189,0.011968992710221135,0.9897450074407214],[0.019012477648656014,-0.5494868896975728,-0.006705707793722158,0.36921094027566936,-0.32328309526832083,1.0,0.015478559399759001,-0.4250590634265823,-0.47716966686318435,0.007142426507464362,-0.508127194587971,-0.5409133014688914,0.8297964719969038,-0.5374277666167422,-0.3437541874831673,0.3967640354534144,-0.5483243967820663,-0.006355756898651139,-0.3210047695407957],[0.014192663553514024,-0.006207121625096005,-0.8194121799233034,0.009442296087257171,-0.015227007290514495,0.015478559399759001,1.0,0.0014383335047165146,-0.011407719672282872,0.002171040611444156,-0.19871630650831446,-0.007692641658821464,0.010444779947072899,-0.1781346494177492,-0.015454826581762976,-0.0024485372878502946,-0.005527080688094273,-0.8190962864777791,-0.0141616067804268],[-0.01033247010344856,0.752529359402344,-0.0016200018003031287,-0.6275812295094068,0.44308246504977467,-0.4250590634265823,0.0014383335047165146,1.0,0.6526957581970547,-0.009843313397667043,0.5742064162845247,0.770057620943949,-0.0728178753744784,0.7330123036576405,0.47105310865739136,-0.9340444875253332,0.7468772052780704,-0.0018191688450513717,0.44029826760098334],[-0.021142717100346528,0.8378741148134676,0.0073908848615408295,-0.5735112134654783,0.4993198066470643,-0.47716966686318435,-0.011407719672282872,0.6526957581970547,1.0,0.0022955160292435824,0.7209854424737412,0.8227222007550025,-0.15918123101909182,0.8185372999508942,0.548436919474261,-0.6224558668290534,0.8231354765929172,0.00746903395637158,0.4952728710959964],[0.0035822090683260274,0.003277756125603325,0.0006594197822234669,0.008047089955204223,0.012659278508656583,0.007142426507464362,0.002171040611444156,-0.009843313397667043,0.0022955160292435824,1.0,0.08686534744837285,0.0009107943517562355,0.0023866238894695983,0.004174735459406091,0.01237038256226347,0.010844481505771964,0.0042776204230249495,0.00025020978419306735,0.012592731112950048],[-0.03240791676043169,0.7870253339620329,0.2116413806559399,-0.5287622260104375,0.7826805643301347,-0.508127194587971,-0.19871630650831446,0.5742064162845247,0.7209854424737412,0.08686534744837285,1.0,0.7699832276716263,-0.21827644323562023,0.8113138381203906,0.8033477454633509,-0.5515479850932902,0.7722190787720568,0.21148518627915158,0.7760955894312277],[-0.01687826695395495,0.9792606875144749,0.0059575795600395505,-0.7872836528457842,0.5636263422990051,-0.5409133014688914,-0.007692641658821464,0.770057620943949,0.8227222007550025,0.0009107943517562355,0.7699832276716263,1.0,-0.0988790379061687,0.9561804123146249,0.5987046377648019,-0.716599756951352,0.9758204052618881,0.005852121194526758,0.5620620931338584],[0.015263627573804258,-0.17793049596002908,-0.0016732657187305854,-0.2066721226642377,-0.09955565439719051,0.8297964719969038,0.010444779947072899,-0.0728178753744784,-0.15918123101909182,0.0023866238894695983,-0.21827644323562023,-0.0988790379061687,1.0,-0.1740337015022423,-0.10667389982520227,0.061029501665005086,-0.18474744024106624,-0.0013239575857537155,-0.09926882311981347],[-0.021032985851547777,0.9758482256487154,0.2133337495546026,-0.65583422171674,0.55931876438827,-0.5374277666167422,-0.1781346494177492,0.7330123036576405,0.8185372999508942,0.004174735459406091,0.8113138381203906,0.9561804123146249,-0.1740337015022423,1.0,0.5942688857923742,-0.6993974848998538,0.9585803696863715,0.21303050037469498,0.554234945730507],[-0.031524018220266584,0.6077006739733075,0.012024194110748761,-0.42676456864863355,0.9983369543148194,-0.3437541874831673,-0.015454826581762976,0.47105310865739136,0.548436919474261,0.01237038256226347,0.8033477454633509,0.5987046377648019,-0.10667389982520227,0.5942688857923742,1.0,-0.45195609663315556,0.5960785372900839,0.012048405159825786,0.9881704487490307],[0.013984536542535463,-0.7176101164475528,0.0013749331544924892,0.5956650028381162,-0.4253799356674142,0.3967640354534144,-0.0024485372878502946,-0.9340444875253332,-0.6224558668290534,0.010844481505771964,-0.5515479850932902,-0.716599756951352,0.061029501665005086,-0.6993974848998538,-0.45195609663315556,1.0,-0.677441132667385,0.0015191253586332315,-0.4137898758293467],[-0.016446901821641005,0.9821674773439644,0.004065612487316343,-0.6603322314200376,0.5608768243403189,-0.5483243967820663,-0.005527080688094273,0.7468772052780704,0.8231354765929172,0.0042776204230249495,0.7722190787720568,0.9758204052618881,-0.18474744024106624,0.9585803696863715,0.5960785372900839,-0.677441132667385,1.0,0.003966544941404287,0.5643996297343526],[-0.008529409714962853,0.0035251162806376607,0.9993717503310369,-0.010686384913509043,0.011968992710221135,-0.006355756898651139,-0.8190962864777791,-0.0018191688450513717,0.00746903395637158,0.00025020978419306735,0.21148518627915158,0.005852121194526758,-0.0013239575857537155,0.21303050037469498,0.012048405159825786,0.0015191253586332315,0.003966544941404287,1.0,0.012486517368942556],[-0.030420087940228508,0.5665947267511354,0.012438332833062709,-0.4001636251875164,0.9897450074407214,-0.3210047695407957,-0.0141616067804268,0.44029826760098334,0.4952728710959964,0.012592731112950048,0.7760955894312277,0.5620620931338584,-0.09926882311981347,0.554234945730507,0.9881704487490307,-0.4137898758293467,0.5643996297343526,0.012486517368942556,1.0]],"type":"heatmap","xaxis":"x","yaxis":"y","hovertemplate":"x: %{x}\u003cbr\u003ey: %{y}\u003cbr\u003ecolor: %{z}\u003cextra\u003e\u003c\u002fextra\u003e"}],                        {"template":{"data":{"barpolar":[{"marker":{"line":{"color":"white","width":0.5},"pattern":{"fillmode":"overlay","size":10,"solidity":0.2}},"type":"barpolar"}],"bar":[{"error_x":{"color":"#2a3f5f"},"error_y":{"color":"#2a3f5f"},"marker":{"line":{"color":"white","width":0.5},"pattern":{"fillmode":"overlay","size":10,"solidity":0.2}},"type":"bar"}],"carpet":[{"aaxis":{"endlinecolor":"#2a3f5f","gridcolor":"#C8D4E3","linecolor":"#C8D4E3","minorgridcolor":"#C8D4E3","startlinecolor":"#2a3f5f"},"baxis":{"endlinecolor":"#2a3f5f","gridcolor":"#C8D4E3","linecolor":"#C8D4E3","minorgridcolor":"#C8D4E3","startlinecolor":"#2a3f5f"},"type":"carpet"}],"choropleth":[{"colorbar":{"outlinewidth":0,"ticks":""},"type":"choropleth"}],"contourcarpet":[{"colorbar":{"outlinewidth":0,"ticks":""},"type":"contourcarpet"}],"contour":[{"colorbar":{"outlinewidth":0,"ticks":""},"colorscale":[[0.0,"#0d0887"],[0.1111111111111111,"#46039f"],[0.2222222222222222,"#7201a8"],[0.3333333333333333,"#9c179e"],[0.4444444444444444,"#bd3786"],[0.5555555555555556,"#d8576b"],[0.6666666666666666,"#ed7953"],[0.7777777777777778,"#fb9f3a"],[0.8888888888888888,"#fdca26"],[1.0,"#f0f921"]],"type":"contour"}],"heatmapgl":[{"colorbar":{"outlinewidth":0,"ticks":""},"colorscale":[[0.0,"#0d0887"],[0.1111111111111111,"#46039f"],[0.2222222222222222,"#7201a8"],[0.3333333333333333,"#9c179e"],[0.4444444444444444,"#bd3786"],[0.5555555555555556,"#d8576b"],[0.6666666666666666,"#ed7953"],[0.7777777777777778,"#fb9f3a"],[0.8888888888888888,"#fdca26"],[1.0,"#f0f921"]],"type":"heatmapgl"}],"heatmap":[{"colorbar":{"outlinewidth":0,"ticks":""},"colorscale":[[0.0,"#0d0887"],[0.1111111111111111,"#46039f"],[0.2222222222222222,"#7201a8"],[0.3333333333333333,"#9c179e"],[0.4444444444444444,"#bd3786"],[0.5555555555555556,"#d8576b"],[0.6666666666666666,"#ed7953"],[0.7777777777777778,"#fb9f3a"],[0.8888888888888888,"#fdca26"],[1.0,"#f0f921"]],"type":"heatmap"}],"histogram2dcontour":[{"colorbar":{"outlinewidth":0,"ticks":""},"colorscale":[[0.0,"#0d0887"],[0.1111111111111111,"#46039f"],[0.2222222222222222,"#7201a8"],[0.3333333333333333,"#9c179e"],[0.4444444444444444,"#bd3786"],[0.5555555555555556,"#d8576b"],[0.6666666666666666,"#ed7953"],[0.7777777777777778,"#fb9f3a"],[0.8888888888888888,"#fdca26"],[1.0,"#f0f921"]],"type":"histogram2dcontour"}],"histogram2d":[{"colorbar":{"outlinewidth":0,"ticks":""},"colorscale":[[0.0,"#0d0887"],[0.1111111111111111,"#46039f"],[0.2222222222222222,"#7201a8"],[0.3333333333333333,"#9c179e"],[0.4444444444444444,"#bd3786"],[0.5555555555555556,"#d8576b"],[0.6666666666666666,"#ed7953"],[0.7777777777777778,"#fb9f3a"],[0.8888888888888888,"#fdca26"],[1.0,"#f0f921"]],"type":"histogram2d"}],"histogram":[{"marker":{"pattern":{"fillmode":"overlay","size":10,"solidity":0.2}},"type":"histogram"}],"mesh3d":[{"colorbar":{"outlinewidth":0,"ticks":""},"type":"mesh3d"}],"parcoords":[{"line":{"colorbar":{"outlinewidth":0,"ticks":""}},"type":"parcoords"}],"pie":[{"automargin":true,"type":"pie"}],"scatter3d":[{"line":{"colorbar":{"outlinewidth":0,"ticks":""}},"marker":{"colorbar":{"outlinewidth":0,"ticks":""}},"type":"scatter3d"}],"scattercarpet":[{"marker":{"colorbar":{"outlinewidth":0,"ticks":""}},"type":"scattercarpet"}],"scattergeo":[{"marker":{"colorbar":{"outlinewidth":0,"ticks":""}},"type":"scattergeo"}],"scattergl":[{"marker":{"colorbar":{"outlinewidth":0,"ticks":""}},"type":"scattergl"}],"scattermapbox":[{"marker":{"colorbar":{"outlinewidth":0,"ticks":""}},"type":"scattermapbox"}],"scatterpolargl":[{"marker":{"colorbar":{"outlinewidth":0,"ticks":""}},"type":"scatterpolargl"}],"scatterpolar":[{"marker":{"colorbar":{"outlinewidth":0,"ticks":""}},"type":"scatterpolar"}],"scatter":[{"fillpattern":{"fillmode":"overlay","size":10,"solidity":0.2},"type":"scatter"}],"scatterternary":[{"marker":{"colorbar":{"outlinewidth":0,"ticks":""}},"type":"scatterternary"}],"surface":[{"colorbar":{"outlinewidth":0,"ticks":""},"colorscale":[[0.0,"#0d0887"],[0.1111111111111111,"#46039f"],[0.2222222222222222,"#7201a8"],[0.3333333333333333,"#9c179e"],[0.4444444444444444,"#bd3786"],[0.5555555555555556,"#d8576b"],[0.6666666666666666,"#ed7953"],[0.7777777777777778,"#fb9f3a"],[0.8888888888888888,"#fdca26"],[1.0,"#f0f921"]],"type":"surface"}],"table":[{"cells":{"fill":{"color":"#EBF0F8"},"line":{"color":"white"}},"header":{"fill":{"color":"#C8D4E3"},"line":{"color":"white"}},"type":"table"}]},"layout":{"annotationdefaults":{"arrowcolor":"#2a3f5f","arrowhead":0,"arrowwidth":1},"autotypenumbers":"strict","coloraxis":{"colorbar":{"outlinewidth":0,"ticks":""}},"colorscale":{"diverging":[[0,"#8e0152"],[0.1,"#c51b7d"],[0.2,"#de77ae"],[0.3,"#f1b6da"],[0.4,"#fde0ef"],[0.5,"#f7f7f7"],[0.6,"#e6f5d0"],[0.7,"#b8e186"],[0.8,"#7fbc41"],[0.9,"#4d9221"],[1,"#276419"]],"sequential":[[0.0,"#0d0887"],[0.1111111111111111,"#46039f"],[0.2222222222222222,"#7201a8"],[0.3333333333333333,"#9c179e"],[0.4444444444444444,"#bd3786"],[0.5555555555555556,"#d8576b"],[0.6666666666666666,"#ed7953"],[0.7777777777777778,"#fb9f3a"],[0.8888888888888888,"#fdca26"],[1.0,"#f0f921"]],"sequentialminus":[[0.0,"#0d0887"],[0.1111111111111111,"#46039f"],[0.2222222222222222,"#7201a8"],[0.3333333333333333,"#9c179e"],[0.4444444444444444,"#bd3786"],[0.5555555555555556,"#d8576b"],[0.6666666666666666,"#ed7953"],[0.7777777777777778,"#fb9f3a"],[0.8888888888888888,"#fdca26"],[1.0,"#f0f921"]]},"colorway":["#636efa","#EF553B","#00cc96","#ab63fa","#FFA15A","#19d3f3","#FF6692","#B6E880","#FF97FF","#FECB52"],"font":{"color":"#2a3f5f"},"geo":{"bgcolor":"white","lakecolor":"white","landcolor":"white","showlakes":true,"showland":true,"subunitcolor":"#C8D4E3"},"hoverlabel":{"align":"left"},"hovermode":"closest","mapbox":{"style":"light"},"paper_bgcolor":"white","plot_bgcolor":"white","polar":{"angularaxis":{"gridcolor":"#EBF0F8","linecolor":"#EBF0F8","ticks":""},"bgcolor":"white","radialaxis":{"gridcolor":"#EBF0F8","linecolor":"#EBF0F8","ticks":""}},"scene":{"xaxis":{"backgroundcolor":"white","gridcolor":"#DFE8F3","gridwidth":2,"linecolor":"#EBF0F8","showbackground":true,"ticks":"","zerolinecolor":"#EBF0F8"},"yaxis":{"backgroundcolor":"white","gridcolor":"#DFE8F3","gridwidth":2,"linecolor":"#EBF0F8","showbackground":true,"ticks":"","zerolinecolor":"#EBF0F8"},"zaxis":{"backgroundcolor":"white","gridcolor":"#DFE8F3","gridwidth":2,"linecolor":"#EBF0F8","showbackground":true,"ticks":"","zerolinecolor":"#EBF0F8"}},"shapedefaults":{"line":{"color":"#2a3f5f"}},"ternary":{"aaxis":{"gridcolor":"#DFE8F3","linecolor":"#A2B1C6","ticks":""},"baxis":{"gridcolor":"#DFE8F3","linecolor":"#A2B1C6","ticks":""},"bgcolor":"white","caxis":{"gridcolor":"#DFE8F3","linecolor":"#A2B1C6","ticks":""}},"title":{"x":0.05},"xaxis":{"automargin":true,"gridcolor":"#EBF0F8","linecolor":"#EBF0F8","ticks":"","title":{"standoff":15},"zerolinecolor":"#EBF0F8","zerolinewidth":2},"yaxis":{"automargin":true,"gridcolor":"#EBF0F8","linecolor":"#EBF0F8","ticks":"","title":{"standoff":15},"zerolinecolor":"#EBF0F8","zerolinewidth":2}}},"xaxis":{"anchor":"y","domain":[0.0,1.0],"scaleanchor":"y","constrain":"domain","showgrid":true,"gridcolor":"rgba(17,24,39,0.10)"},"yaxis":{"anchor":"x","domain":[0.0,1.0],"autorange":"reversed","constrain":"domain","showgrid":true,"gridcolor":"rgba(17,24,39,0.10)"},"coloraxis":{"colorscale":[[0.0,"rgb(103,0,31)"],[0.1,"rgb(178,24,43)"],[0.2,"rgb(214,96,77)"],[0.3,"rgb(244,165,130)"],[0.4,"rgb(253,219,199)"],[0.5,"rgb(247,247,247)"],[0.6,"rgb(209,229,240)"],[0.7,"rgb(146,197,222)"],[0.8,"rgb(67,147,195)"],[0.9,"rgb(33,102,172)"],[1.0,"rgb(5,48,97)"]],"cmin":-1,"cmax":1},"margin":{"t":85,"l":55,"r":35,"b":55},"height":480,"width":920,"font":{"family":"Arial","size":17,"color":"#111827"},"title":{"font":{"size":22},"text":"4.2.1 Feature Engineering sonras\u0131 korelasyon matrisi","x":0.02,"xanchor":"left"},"hoverlabel":{"font":{"size":14}},"legend":{"orientation":"h","yanchor":"bottom","y":1.02,"xanchor":"left","x":0.01}},                        {"responsive": true}                    )                };                            </script>        </div>
</body>
</html>