<html>
<head><meta charset="utf-8" /></head>
<body>
    <div>                        <script type="text/javascript">window.PlotlyConfig = {MathJaxConfig: 'local'};</script>
        <script charset="utf-8" src="https://cdn.plot.ly/plotly-2.35.2.min.js"></script>                <div id="e2faaac4-3d0b-4516-a834-3bae39c88e8e" class="plotly-graph-div" style="height:100%; width:100%;"></div>            <script type="text/javascript">                                    window.PLOTLYENV=window.PLOTLYENV || {};                                    if (document.getElementById("e2faaac4-3d0b-4516-a834-3bae39c88e8e")) {                    Plotly.newPlot(                        "e2faaac4-3d0b-4516-a834-3bae39c88e8e",                        [{"coloraxis":"coloraxis","name":"0","x":["Student_ID","Weekly_Study_Hours","Attendance_Rate","Sleep_Hours","Previous_Scores","Internet_Usage_Time","Distance_to_School","Stress_Level","Practice_Exams_Passed","Extracurricular_Activities","Exam_Score","study_per_sleep","internet_per_sleep","attendance_x_study","preparedness_index","stress_inverse","Weekly_Study_Hours_sq","Attendance_Rate_sq","Previous_Scores_sq"],"y":["Student_ID","Weekly_Study_Hours","Attendance_Rate","Sleep_Hours","Previous_Scores","Internet_Usage_Time","Distance_to_School","Stress_Level","Practice_Exams_Passed","Extracurricular_Activities","Exam_Score","study_per_sleep","internet_per_sleep","attendance_x_study","preparedness_index","stress_inverse","Weekly_Study_Hours_sq","Attendance_Rate_sq","Previous_Scores_sq"],"z":[[1.0,0.021493525429005924,0.008918832255524162,0.004934945809650152,0.031205907003177023,0.020409363981993014,0.012545370282959703,0.007883373265317354,0.021142717100346528,0.004501411227994185,0.032387446601907545,0.017933855113917388,0.01758345222432856,0.022723518626872146,0.031524018220266584,0.010770340684718637,0.018010420650176245,0.008529409714962853,0.030420087940228508],[0.021493525429005924,1.0,0.0038391054094027892,0.6757397456894398,0.5834255378695364,0.559936523131193,0.008576052514474183,0.740164506322473,0.8413925595983892,0.004607753917123218,0.7942752633760795,0.9796468836308022,0.1886105472014884,0.9761322274850263,0.6190553770374406,0.6975810074878538,0.9823485965904664,0.0037312426276270632,0.5783290047993332],[0.008918832255524162,0.0038391054094027892,1.0,0.010107729761022689,0.011949294217148729,0.007923838970207457,0.8415557050187159,0.003553325614194516,0.0073908848615408295,0.0012443891566367717,0.21184662770164434,0.005850695008817359,0.003280605154647932,0.21218158323772998,0.012024194110748761,0.004723961049713176,0.004439907560221607,0.9993717503310369,0.012438332833062709],[0.004934945809650152,0.6757397456894398,0.010107729761022689,1.0,0.40588764042233444,0.37752954319857873,0.012234134397017244,0.6166999481075555,0.5758035630933215,0.00864320137800564,0.531456427823341,0.7906587554709408,0.19612523429102888,0.6612389411002962,0.43003973412462937,0.5789696675759992,0.6660212175390573,0.010000923060519735,0.403423031670943],[0.031205907003177023,0.5834255378695364,0.011949294217148729,0.40588764042233444,1.0,0.33258676662498193,0.014161033530105425,0.43703362335479107,0.4993198066470643,0.01314572264253813,0.7824188227643003,0.5732093315381257,0.10921675837303944,0.5707196609807013,0.9983369543148194,0.4142961783678037,0.5722703831427307,0.011968992710221135,0.9897450074407214],[0.020409363981993014,0.559936523131193,0.007923838970207457,0.37752954319857873,0.33258676662498193,1.0,0.017164085313455042,0.4229710601278677,0.484189340917995,0.008285010986812474,0.5163041408169264,0.5506944657444675,0.830836339582571,0.547955381424349,0.35320035484196544,0.38893837148269844,0.558123319756844,0.00758882594401326,0.3301636124870816],[0.012545370282959703,0.008576052514474183,0.8415557050187159,0.012234134397017244,0.014161033530105425,0.017164085313455042,1.0,0.0005576416484099873,0.01220554754625214,0.0020740439899182665,0.20477244489993693,0.010344924595256311,0.01044910050277335,0.1839800736233936,0.014479124924182801,0.0032019936288778268,0.00784380788339639,0.8412918011351297,0.013657056971209955],[0.007883373265317354,0.740164506322473,0.003553325614194516,0.6166999481075555,0.43703362335479107,0.4229710601278677,0.0005576416484099873,1.0,0.6394165623943329,0.012301497780107614,0.5641462711500792,0.7560689761807083,0.07995701585061696,0.7208069472200788,0.4643317372035149,0.9280514191762919,0.7341801951507545,0.003828537741328229,0.43418551951856726],[0.021142717100346528,0.8413925595983892,0.0073908848615408295,0.5758035630933215,0.4993198066470643,0.484189340917995,0.01220554754625214,0.6394165623943329,1.0,0.001464762955595145,0.720919847898353,0.8252708982960819,0.16792182390778104,0.8220893928355058,0.548436919474261,0.6032272119504095,0.8265471225014475,0.00746903395637158,0.4952728710959964],[0.004501411227994185,0.004607753917123218,0.0012443891566367717,0.00864320137800564,0.01314572264253813,0.008285010986812474,0.0020740439899182665,0.012301497780107614,0.001464762955595145,1.0,0.08647781671873761,0.001809566871612405,0.003252928226329649,0.005601576641724705,0.012784581325059247,0.013285172111468494,0.005606288583330553,0.0007940336002956327,0.012989791643361568],[0.032387446601907545,0.7942752633760795,0.21184662770164434,0.531456427823341,0.7824188227643003,0.5163041408169264,0.20477244489993693,0.5641462711500792,0.720919847898353,0.08647781671873761,1.0,0.7757224522740088,0.22819198319355638,0.8183798973804335,0.8030907705818174,0.534138706065707,0.779313663463526,0.21169956416257632,0.775892681288691],[0.017933855113917388,0.9796468836308022,0.005850695008817359,0.7906587554709408,0.5732093315381257,0.5506944657444675,0.010344924595256311,0.7560689761807083,0.8252708982960819,0.001809566871612405,0.7757224522740088,1.0,0.1102579094375398,0.9567342896048382,0.6081228961813362,0.6954615060129664,0.97630159933019,0.0057438812155078366,0.5718795880893054],[0.01758345222432856,0.1886105472014884,0.003280605154647932,0.19612523429102888,0.10921675837303944,0.830836339582571,0.01044910050277335,0.07995701585061696,0.16792182390778104,0.003252928226329649,0.22819198319355638,0.1102579094375398,1.0,0.18488127217610345,0.11657953411106288,0.06512618721877293,0.19491213948952255,0.0029685676848526577,0.10882632567250701],[0.022723518626872146,0.9761322274850263,0.21218158323772998,0.6612389411002962,0.5707196609807013,0.547955381424349,0.1839800736233936,0.7208069472200788,0.8220893928355058,0.005601576641724705,0.8183798973804335,0.9567342896048382,0.18488127217610345,1.0,0.6055083943790711,0.6793430680136604,0.9590731789667726,0.21188237258867879,0.5658383255218261],[0.031524018220266584,0.6190553770374406,0.012024194110748761,0.43003973412462937,0.9983369543148194,0.35320035484196544,0.014479124924182801,0.4643317372035149,0.548436919474261,0.012784581325059247,0.8030907705818174,0.6081228961813362,0.11657953411106288,0.6055083943790711,1.0,0.4399796020938085,0.6073016192407091,0.012048405159825786,0.9881704487490307],[0.010770340684718637,0.6975810074878538,0.004723961049713176,0.5789696675759992,0.4142961783678037,0.38893837148269844,0.0032019936288778268,0.9280514191762919,0.6032272119504095,0.013285172111468494,0.534138706065707,0.6954615060129664,0.06512618721877293,0.6793430680136604,0.4399796020938085,1.0,0.65862555588951,0.004832441020373965,0.40269348410450684],[0.018010420650176245,0.9823485965904664,0.004439907560221607,0.6660212175390573,0.5722703831427307,0.558123319756844,0.00784380788339639,0.7341801951507545,0.8265471225014475,0.005606288583330553,0.779313663463526,0.97630159933019,0.19491213948952255,0.9590731789667726,0.6073016192407091,0.65862555588951,1.0,0.004358650781612068,0.5760863456063954],[0.008529409714962853,0.0037312426276270632,0.9993717503310369,0.010000923060519735,0.011968992710221135,0.00758882594401326,0.8412918011351297,0.003828537741328229,0.00746903395637158,0.0007940336002956327,0.21169956416257632,0.0057438812155078366,0.0029685676848526577,0.21188237258867879,0.012048405159825786,0.004832441020373965,0.004358650781612068,1.0,0.012486517368942556],[0.030420087940228508,0.5783290047993332,0.012438332833062709,0.403423031670943,0.9897450074407214,0.3301636124870816,0.013657056971209955,0.43418551951856726,0.4952728710959964,0.012989791643361568,0.775892681288691,0.5718795880893054,0.10882632567250701,0.5658383255218261,0.9881704487490307,0.40269348410450684,0.5760863456063954,0.012486517368942556,1.0]],"type":"heatmap","xaxis":"x","yaxis":"y","hovertemplate":"x: %{x}\u003cbr\u003ey: %{y}\u003cbr\u003ecolor: %{z}\u003cextra\u003e\u003c\u002fextra\u003e"}],                        {"template":{"data":{"histogram2dcontour":[{"type":"histogram2dcontour","colorbar":{"outlinewidth":0,"ticks":""},"colorscale":[[0.0,"#0d0887"],[0.1111111111111111,"#46039f"],[0.2222222222222222,"#7201a8"],[0.3333333333333333,"#9c179e"],[0.4444444444444444,"#bd3786"],[0.5555555555555556,"#d8576b"],[0.6666666666666666,"#ed7953"],[0.7777777777777778,"#fb9f3a"],[0.8888888888888888,"#fdca26"],[1.0,"#f0f921"]]}],"choropleth":[{"type":"choropleth","colorbar":{"outlinewidth":0,"ticks":""}}],"histogram2d":[{"type":"histogram2d","colorbar":{"outlinewidth":0,"ticks":""},"colorscale":[[0.0,"#0d0887"],[0.1111111111111111,"#46039f"],[0.2222222222222222,"#7201a8"],[0.3333333333333333,"#9c179e"],[0.4444444444444444,"#bd3786"],[0.5555555555555556,"#d8576b"],[0.6666666666666666,"#ed7953"],[0.7777777777777778,"#fb9f3a"],[0.8888888888888888,"#fdca26"],[1.0,"#f0f921"]]}],"heatmap":[{"type":"heatmap","colorbar":{"outlinewidth":0,"ticks":""},"colorscale":[[0.0,"#0d0887"],[0.1111111111111111,"#46039f"],[0.2222222222222222,"#7201a8"],[0.3333333333333333,"#9c179e"],[0.4444444444444444,"#bd3786"],[0.5555555555555556,"#d8576b"],[0.6666666666666666,"#ed7953"],[0.7777777777777778,"#fb9f3a"],[0.8888888888888888,"#fdca26"],[1.0,"#f0f921"]]}],"heatmapgl":[{"type":"heatmapgl","colorbar":{"outlinewidth":0,"ticks":""},"colorscale":[[0.0,"#0d0887"],[0.1111111111111111,"#46039f"],[0.2222222222222222,"#7201a8"],[0.3333333333333333,"#9c179e"],[0.4444444444444444,"#bd3786"],[0.5555555555555556,"#d8576b"],[0.6666666666666666,"#ed7953"],[0.7777777777777778,"#fb9f3a"],[0.8888888888888888,"#fdca26"],[1.0,"#f0f921"]]}],"contourcarpet":[{"type":"contourcarpet","colorbar":{"outlinewidth":0,"ticks":""}}],"contour":[{"type":"contour","colorbar":{"outlinewidth":0,"ticks":""},"colorscale":[[0.0,"#0d0887"],[0.1111111111111111,"#46039f"],[0.2222222222222222,"#7201a8"],[0.3333333333333333,"#9c179e"],[0.4444444444444444,"#bd3786"],[0.5555555555555556,"#d8576b"],[0.6666666666666666,"#ed7953"],[0.7777777777777778,"#fb9f3a"],[0.8888888888888888,"#fdca26"],[1.0,"#f0f921"]]}],"surface":[{"type":"surface","colorbar":{"outlinewidth":0,"ticks":""},"colorscale":[[0.0,"#0d0887"],[0.1111111111111111,"#46039f"],[0.2222222222222222,"#7201a8"],[0.3333333333333333,"#9c179e"],[0.4444444444444444,"#bd3786"],[0.5555555555555556,"#d8576b"],[0.6666666666666666,"#ed7953"],[0.7777777777777778,"#fb9f3a"],[0.8888888888888888,"#fdca26"],[1.0,"#f0f921"]]}],"mesh3d":[{"type":"mesh3d","colorbar":{"outlinewidth":0,"ticks":""}}],"scatter":[{"fillpattern":{"fillmode":"overlay","size":10,"solidity":0.2},"type":"scatter"}],"parcoords":[{"type":"parcoords","line":{"colorbar":{"outlinewidth":0,"ticks":""}}}],"scatterpolargl":[{"type":"scatterpolargl","marker":{"colorbar":{"outlinewidth":0,"ticks":""}}}],"bar":[{"error_x":{"color":"#2a3f5f"},"error_y":{"color":"#2a3f5f"},"marker":{"line":{"color":"#E5ECF6","width":0.5},"pattern":{"fillmode":"overlay","size":10,"solidity":0.2}},"type":"bar"}],"scattergeo":[{"type":"scattergeo","marker":{"colorbar":{"outlinewidth":0,"ticks":""}}}],"scatterpolar":[{"type":"scatterpolar","marker":{"colorbar":{"outlinewidth":0,"ticks":""}}}],"histogram":[{"marker":{"pattern":{"fillmode":"overlay","size":10,"solidity":0.2}},"type":"histogram"}],"scattergl":[{"type":"scattergl","marker":{"colorbar":{"outlinewidth":0,"ticks":""}}}],"scatter3d":[{"type":"scatter3d","line":{"colorbar":{"outlinewidth":0,"ticks":""}},"marker":{"colorbar":{"outlinewidth":0,"ticks":""}}}],"scattermapbox":[{"type":"scattermapbox","marker":{"colorbar":{"outlinewidth":0,"ticks":""}}}],"scatterternary":[{"type":"scatterternary","marker":{"colorbar":{"outlinewidth":0,"ticks":""}}}],"scattercarpet":[{"type":"scattercarpet","marker":{"colorbar":{"outlinewidth":0,"ticks":""}}}],"carpet":[{"aaxis":{"endlinecolor":"#2a3f5f","gridcolor":"white","linecolor":"white","minorgridcolor":"white","startlinecolor":"#2a3f5f"},"baxis":{"endlinecolor":"#2a3f5f","gridcolor":"white","linecolor":"white","minorgridcolor":"white","startlinecolor":"#2a3f5f"},"type":"carpet"}],"table":[{"cells":{"fill":{"color":"#EBF0F8"},"line":{"color":"white"}},"header":{"fill":{"color":"#C8D4E3"},"line":{"color":"white"}},"type":"table"}],"barpolar":[{"marker":{"line":{"color":"#E5ECF6","width":0.5},"pattern":{"fillmode":"overlay","size":10,"solidity":0.2}},"type":"barpolar"}],"pie":[{"automargin":true,"type":"pie"}]},"layout":{"autotypenumbers":"strict","colorway":["#636efa","#EF553B","#00cc96","#ab63fa","#FFA15A","#19d3f3","#FF6692","#B6E880","#FF97FF","#FECB52"],"font":{"color":"#2a3f5f"},"hovermode":"closest","hoverlabel":{"align":"left"},"paper_bgcolor":"white","plot_bgcolor":"#E5ECF6","polar":{"bgcolor":"#E5ECF6","angularaxis":{"gridcolor":"white","linecolor":"white","ticks":""},"radialaxis":{"gridcolor":"white","linecolor":"white","ticks":""}},"ternary":{"bgcolor":"#E5ECF6","aaxis":{"gridcolor":"white","linecolor":"white","ticks":""},"baxis":{"gridcolor":"white","linecolor":"white","ticks":""},"caxis":{"gridcolor":"white","linecolor":"white","ticks":""}},"coloraxis":{"colorbar":{"outlinewidth":0,"ticks":""}},"colorscale":{"sequential":[[0.0,"#0d0887"],[0.1111111111111111,"#46039f"],[0.2222222222222222,"#7201a8"],[0.3333333333333333,"#9c179e"],[0.4444444444444444,"#bd3786"],[0.5555555555555556,"#d8576b"],[0.6666666666666666,"#ed7953"],[0.7777777777777778,"#fb9f3a"],[0.8888888888888888,"#fdca26"],[1.0,"#f0f921"]],"sequentialminus":[[0.0,"#0d0887"],[0.1111111111111111,"#46039f"],[0.2222222222222222,"#7201a8"],[0.3333333333333333,"#9c179e"],[0.4444444444444444,"#bd3786"],[0.5555555555555556,"#d8576b"],[0.6666666666666666,"#ed7953"],[0.7777777777777778,"#fb9f3a"],[0.8888888888888888,"#fdca26"],[1.0,"#f0f921"]],"diverging":[[0,"#8e0152"],[0.1,"#c51b7d"],[0.2,"#de77ae"],[0.3,"#f1b6da"],[0.4,"#fde0ef"],[0.5,"#f7f7f7"],[0.6,"#e6f5d0"],[0.7,"#b8e186"],[0.8,"#7fbc41"],[0.9,"#4d9221"],[1,"#276419"]]},"xaxis":{"gridcolor":"white","linecolor":"white","ticks":"","title":{"standoff":15},"zerolinecolor":"white","automargin":true,"zerolinewidth":2},"yaxis":{"gridcolor":"white","linecolor":"white","ticks":"","title":{"standoff":15},"zerolinecolor":"white","automargin":true,"zerolinewidth":2},"scene":{"xaxis":{"backgroundcolor":"#E5ECF6","gridcolor":"white","linecolor":"white","showbackground":true,"ticks":"","zerolinecolor":"white","gridwidth":2},"yaxis":{"backgroundcolor":"#E5ECF6","gridcolor":"white","linecolor":"white","showbackground":true,"ticks":"","zerolinecolor":"white","gridwidth":2},"zaxis":{"backgroundcolor":"#E5ECF6","gridcolor":"white","linecolor":"white","showbackground":true,"ticks":"","zerolinecolor":"white","gridwidth":2}},"shapedefaults":{"line":{"color":"#2a3f5f"}},"annotationdefaults":{"arrowcolor":"#2a3f5f","arrowhead":0,"arrowwidth":1},"geo":{"bgcolor":"white","landcolor":"#E5ECF6","subunitcolor":"white","showland":true,"showlakes":true,"lakecolor":"white"},"title":{"x":0.05},"mapbox":{"style":"light"}}},"xaxis":{"anchor":"y","domain":[0.0,1.0],"scaleanchor":"y","constrain":"domain"},"yaxis":{"anchor":"x","domain":[0.0,1.0],"autorange":"reversed","constrain":"domain"},"coloraxis":{"colorscale":[[0.0,"rgb(247,251,255)"],[0.125,"rgb(222,235,247)"],[0.25,"rgb(198,219,239)"],[0.375,"rgb(158,202,225)"],[0.5,"rgb(107,174,214)"],[0.625,"rgb(66,146,198)"],[0.75,"rgb(33,113,181)"],[0.875,"rgb(8,81,156)"],[1.0,"rgb(8,48,107)"]],"cmin":0,"cmax":1},"title":{"text":"4.3.1 Korelasyon matrisi (tek renk, |corr|)"}},                        {"responsive": true}                    )                };                            </script>        </div>
</body>
</html>