<html>
<head><meta charset="utf-8" /></head>
<body>
    <div>                        <script type="text/javascript">window.PlotlyConfig = {MathJaxConfig: 'local'};</script>
        <script charset="utf-8" src="https://cdn.plot.ly/plotly-2.35.2.min.js"></script>                <div id="75379afb-1713-4600-adba-31b1297856ba" class="plotly-graph-div" style="height:1000px; width:1000px;"></div>            <script type="text/javascript">                                    window.PLOTLYENV=window.PLOTLYENV || {};                                    if (document.getElementById("75379afb-1713-4600-adba-31b1297856ba")) {                    Plotly.newPlot(                        "75379afb-1713-4600-adba-31b1297856ba",                        [{"coloraxis":"coloraxis","name":"0","texttemplate":"%{z:.2f}","x":["Student_ID","Weekly_Study_Hours","Attendance_Rate","Sleep_Hours","Previous_Scores","Internet_Usage_Time","Distance_to_School","Practice_Exams_Passed","Extracurricular_Activities","Exam_Score","study_per_sleep","internet_per_sleep","attendance_x_study","preparedness_index","stress_inverse","study_per_internet","efficiency","stress_x_study","sleep_quality","attendance_ratio","study_sleep_balance"],"y":["Student_ID","Weekly_Study_Hours","Attendance_Rate","Sleep_Hours","Previous_Scores","Internet_Usage_Time","Distance_to_School","Practice_Exams_Passed","Extracurricular_Activities","Exam_Score","study_per_sleep","internet_per_sleep","attendance_x_study","preparedness_index","stress_inverse","study_per_internet","efficiency","stress_x_study","sleep_quality","attendance_ratio","study_sleep_balance"],"z":[[1.0,0.02147162204687251,0.008918832255524162,0.004957016448272891,0.031205907003177023,0.020202831674652314,0.012870687024488523,0.021142717100346528,0.0035822090683260274,0.032387446601907545,0.01791939348521216,0.017281686480544175,0.022707278739891906,0.031524018220266584,0.010770340684718637,0.022094989648787266,0.0010552435264341762,0.010838628204804824,0.011123848487343194,0.008918832255528865,0.018345360852453314],[0.02147162204687251,1.0,0.0033120864819695473,0.6753322051382186,0.5828858247566114,0.5586262453434272,0.008281456090104954,0.84091711176697,0.004620071943361962,0.7938023029000523,0.9796188402268081,0.1873470778244832,0.9761192814309675,0.6185028577687807,0.6967006166884726,0.919635661879539,0.5144306147332103,0.8793036988798265,0.725815491227619,0.003312086481970145,0.9868884965818677],[0.008918832255524162,0.0033120864819695473,1.0,0.010229992189265302,0.011949294217148729,0.007421008641600366,0.8415843143876167,0.0073908848615408295,0.0006594197822234669,0.21184662770164434,0.005436469541393446,0.0027070384893242484,0.21172480291887266,0.012024194110748761,0.004723961049713176,0.0056050966993397575,0.010842687151439072,0.00122658428818707,0.002472479032836267,1.0000000000000089,0.004244486311072434],[0.004957016448272891,0.6753322051382186,0.010229992189265302,1.0,0.40587928782645294,0.37692961256474683,0.012383670361138422,0.5757579428335184,0.008817116056049462,0.5314498330067254,0.7904186675285609,0.1967475172955663,0.6609080922056968,0.4300286375106885,0.5789508666563139,0.6208543625339235,0.33213804423138665,0.6700434188412151,0.6820702255885445,0.010229992189265702,0.7251618724247956],[0.031205907003177023,0.5828858247566114,0.011949294217148729,0.40587928782645294,1.0,0.33257795807369844,0.014172291258970793,0.4993198066470643,0.012659278508656583,0.7824188227643003,0.5728131460720285,0.10914168063620457,0.5702419775419043,0.9983369543148194,0.4142961783678037,0.536797202070661,0.3046262744389158,0.5143827081834932,0.4327906125008781,0.011949294217149296,0.5775166512177073],[0.020202831674652314,0.5586262453434272,0.007421008641600366,0.37692961256474683,0.33257795807369844,1.0,0.016622243083995944,0.48363447060990367,0.008623982387987379,0.5161410708563554,0.5495274586518928,0.830838708511084,0.5466350734528469,0.35315493452932273,0.3880407338846984,0.8030591142314629,0.2645544381571988,0.5037475519691574,0.40282642708409516,0.007421008641600536,0.5554682650683536],[0.012870687024488523,0.008281456090104954,0.8415843143876167,0.012383670361138422,0.014172291258970793,0.016622243083995944,1.0,0.012345826958644234,0.0024042227798918925,0.20481546671933443,0.01010081920895124,0.009796180188856392,0.18375420202885923,0.014499323599137682,0.003202053106344609,0.012858283694341548,0.005199804369522414,0.0024660821473807535,0.0010472895613920187,0.8415843143876205,0.007429531860854919],[0.021142717100346528,0.84091711176697,0.0073908848615408295,0.5757579428335184,0.4993198066470643,0.48363447060990367,0.012345826958644234,1.0,0.0022955160292435824,0.720919847898353,0.8249414316469788,0.1672462121540107,0.8216984129204385,0.548436919474261,0.6032272119504095,0.7772173006184124,0.41956273340237515,0.7498642353857092,0.6270042072851956,0.007390884861541612,0.8334096755653676],[0.0035822090683260274,0.004620071943361962,0.0006594197822234669,0.008817116056049462,0.012659278508656583,0.008623982387987379,0.0024042227798918925,0.0022955160292435824,1.0,0.08679609380951542,0.0017881017534244006,0.0036156575709973045,0.005438278131055287,0.01237038256226347,0.014164188498104519,0.003383688242727154,0.004672520229270261,0.004739269390245948,0.013796474071687239,0.0006594197822231716,0.0032422355139806063],[0.032387446601907545,0.7938023029000523,0.21184662770164434,0.5314498330067254,0.7824188227643003,0.5161410708563554,0.20481546671933443,0.720919847898353,0.08679609380951542,1.0,0.7753946470827543,0.2279002529465251,0.8180087979431591,0.8030907705818174,0.534138706065707,0.7595386766637863,0.11850048159569662,0.6817164539866707,0.5592153544634803,0.21184662770164572,0.7832202316843152],[0.01791939348521216,0.9796188402268081,0.005436469541393446,0.7904186675285609,0.5728131460720285,0.5495274586518928,0.01010081920895124,0.8249414316469788,0.0017881017534244006,0.7753946470827543,1.0,0.10905579556497787,0.9567101340529073,0.6077186105158532,0.6948138207856267,0.9087194775553143,0.483676720916588,0.895054217304616,0.7396501501293778,0.0054364695413940956,0.9858074949025454],[0.017281686480544175,0.1873470778244832,0.0027070384893242484,0.1967475172955663,0.10914168063620457,0.830838708511084,0.009796180188856392,0.1672462121540107,0.0036156575709973045,0.2279002529465251,0.10905579556497787,1.0,0.18356902915930784,0.116462122780369,0.06414809818426287,0.484989602058536,0.07911983697502391,0.13484785646324465,0.01901405246462189,0.0027070384893240805,0.15489003711553506],[0.022707278739891906,0.9761192814309675,0.21172480291887266,0.6609080922056968,0.5702419775419043,0.5466350734528469,0.18375420202885923,0.8216984129204385,0.005438278131055287,0.8180087979431591,0.9567101340529073,0.18356902915930784,1.0,0.6050213610075438,0.6785293077571709,0.8984135428701248,0.5001843266677618,0.8571120920181775,0.7074167600877214,0.21172480291887302,0.9635337309328047],[0.031524018220266584,0.6185028577687807,0.012024194110748761,0.4300286375106885,0.9983369543148194,0.35315493452932273,0.014499323599137682,0.548436919474261,0.01237038256226347,0.8030907705818174,0.6077186105158532,0.116462122780369,0.6050213610075438,1.0,0.4399796020938085,0.5697837273211138,0.26608290903363785,0.5463312111919876,0.45941087485769966,0.012024194110749408,0.6128214755195394],[0.010770340684718637,0.6967006166884726,0.004723961049713176,0.5789508666563139,0.4142961783678037,0.3880407338846984,0.003202053106344609,0.6032272119504095,0.014164188498104519,0.534138706065707,0.6948138207856267,0.06414809818426287,0.6785293077571709,0.4399796020938085,1.0,0.625442408122458,0.37917524856691814,0.820042316773756,0.9886405313477441,0.00472396104971278,0.6951205601207238],[0.022094989648787266,0.919635661879539,0.0056050966993397575,0.6208543625339235,0.536797202070661,0.8030591142314629,0.012858283694341548,0.7772173006184124,0.003383688242727154,0.7595386766637863,0.9087194775553143,0.484989602058536,0.8984135428701248,0.5697837273211138,0.625442408122458,1.0,0.4438853698530187,0.8299756821437628,0.6503293242182324,0.005605096699340199,0.9148014546499638],[0.0010552435264341762,0.5144306147332103,0.010842687151439072,0.33213804423138665,0.3046262744389158,0.2645544381571988,0.005199804369522414,0.41956273340237515,0.004672520229270261,0.11850048159569662,0.483676720916588,0.07911983697502391,0.5001843266677618,0.26608290903363785,0.37917524856691814,0.4438853698530187,1.0,0.39971380214457447,0.3979482551062475,0.01084268715143897,0.4658899920679699],[0.010838628204804824,0.8793036988798265,0.00122658428818707,0.6700434188412151,0.5143827081834932,0.5037475519691574,0.0024660821473807535,0.7498642353857092,0.004739269390245948,0.6817164539866707,0.895054217304616,0.13484785646324465,0.8571120920181775,0.5463312111919876,0.820042316773756,0.8299756821437628,0.39971380214457447,1.0,0.8223113833167693,0.001226584288186513,0.8905249807564565],[0.011123848487343194,0.725815491227619,0.002472479032836267,0.6820702255885445,0.4327906125008781,0.40282642708409516,0.0010472895613920187,0.6270042072851956,0.013796474071687239,0.5592153544634803,0.7396501501293778,0.01901405246462189,0.7074167600877214,0.45941087485769966,0.9886405313477441,0.6503293242182324,0.3979482551062475,0.8223113833167693,1.0,0.0024724790328358157,0.7302108164600569],[0.008918832255528865,0.003312086481970145,1.0000000000000089,0.010229992189265702,0.011949294217149296,0.007421008641600536,0.8415843143876205,0.007390884861541612,0.0006594197822231716,0.21184662770164572,0.0054364695413940956,0.0027070384893240805,0.21172480291887302,0.012024194110749408,0.00472396104971278,0.005605096699340199,0.01084268715143897,0.001226584288186513,0.0024724790328358157,1.0,0.0042444863110730115],[0.018345360852453314,0.9868884965818677,0.004244486311072434,0.7251618724247956,0.5775166512177073,0.5554682650683536,0.007429531860854919,0.8334096755653676,0.0032422355139806063,0.7832202316843152,0.9858074949025454,0.15489003711553506,0.9635337309328047,0.6128214755195394,0.6951205601207238,0.9148014546499638,0.4658899920679699,0.8905249807564565,0.7302108164600569,0.0042444863110730115,1.0]],"type":"heatmap","xaxis":"x","yaxis":"y","hovertemplate":"x: %{x}\u003cbr\u003ey: %{y}\u003cbr\u003ecolor: %{z}\u003cextra\u003e\u003c\u002fextra\u003e","textfont":{"size":8}}],                        {"template":{"data":{"histogram2dcontour":[{"type":"histogram2dcontour","colorbar":{"outlinewidth":0,"ticks":""},"colorscale":[[0.0,"#0d0887"],[0.1111111111111111,"#46039f"],[0.2222222222222222,"#7201a8"],[0.3333333333333333,"#9c179e"],[0.4444444444444444,"#bd3786"],[0.5555555555555556,"#d8576b"],[0.6666666666666666,"#ed7953"],[0.7777777777777778,"#fb9f3a"],[0.8888888888888888,"#fdca26"],[1.0,"#f0f921"]]}],"choropleth":[{"type":"choropleth","colorbar":{"outlinewidth":0,"ticks":""}}],"histogram2d":[{"type":"histogram2d","colorbar":{"outlinewidth":0,"ticks":""},"colorscale":[[0.0,"#0d0887"],[0.1111111111111111,"#46039f"],[0.2222222222222222,"#7201a8"],[0.3333333333333333,"#9c179e"],[0.4444444444444444,"#bd3786"],[0.5555555555555556,"#d8576b"],[0.6666666666666666,"#ed7953"],[0.7777777777777778,"#fb9f3a"],[0.8888888888888888,"#fdca26"],[1.0,"#f0f921"]]}],"heatmap":[{"type":"heatmap","colorbar":{"outlinewidth":0,"ticks":""},"colorscale":[[0.0,"#0d0887"],[0.1111111111111111,"#46039f"],[0.2222222222222222,"#7201a8"],[0.3333333333333333,"#9c179e"],[0.4444444444444444,"#bd3786"],[0.5555555555555556,"#d8576b"],[0.6666666666666666,"#ed7953"],[0.7777777777777778,"#fb9f3a"],[0.8888888888888888,"#fdca26"],[1.0,"#f0f921"]]}],"heatmapgl":[{"type":"heatmapgl","colorbar":{"outlinewidth":0,"ticks":""},"colorscale":[[0.0,"#0d0887"],[0.1111111111111111,"#46039f"],[0.2222222222222222,"#7201a8"],[0.3333333333333333,"#9c179e"],[0.4444444444444444,"#bd3786"],[0.5555555555555556,"#d8576b"],[0.6666666666666666,"#ed7953"],[0.7777777777777778,"#fb9f3a"],[0.8888888888888888,"#fdca26"],[1.0,"#f0f921"]]}],"contourcarpet":[{"type":"contourcarpet","colorbar":{"outlinewidth":0,"ticks":""}}],"contour":[{"type":"contour","colorbar":{"outlinewidth":0,"ticks":""},"colorscale":[[0.0,"#0d0887"],[0.1111111111111111,"#46039f"],[0.2222222222222222,"#7201a8"],[0.3333333333333333,"#9c179e"],[0.4444444444444444,"#bd3786"],[0.5555555555555556,"#d8576b"],[0.6666666666666666,"#ed7953"],[0.7777777777777778,"#fb9f3a"],[0.8888888888888888,"#fdca26"],[1.0,"#f0f921"]]}],"surface":[{"type":"surface","colorbar":{"outlinewidth":0,"ticks":""},"colorscale":[[0.0,"#0d0887"],[0.1111111111111111,"#46039f"],[0.2222222222222222,"#7201a8"],[0.3333333333333333,"#9c179e"],[0.4444444444444444,"#bd3786"],[0.5555555555555556,"#d8576b"],[0.6666666666666666,"#ed7953"],[0.7777777777777778,"#fb9f3a"],[0.8888888888888888,"#fdca26"],[1.0,"#f0f921"]]}],"mesh3d":[{"type":"mesh3d","colorbar":{"outlinewidth":0,"ticks":""}}],"scatter":[{"fillpattern":{"fillmode":"overlay","size":10,"solidity":0.2},"type":"scatter"}],"parcoords":[{"type":"parcoords","line":{"colorbar":{"outlinewidth":0,"ticks":""}}}],"scatterpolargl":[{"type":"scatterpolargl","marker":{"colorbar":{"outlinewidth":0,"ticks":""}}}],"bar":[{"error_x":{"color":"#2a3f5f"},"error_y":{"color":"#2a3f5f"},"marker":{"line":{"color":"#E5ECF6","width":0.5},"pattern":{"fillmode":"overlay","size":10,"solidity":0.2}},"type":"bar"}],"scattergeo":[{"type":"scattergeo","marker":{"colorbar":{"outlinewidth":0,"ticks":""}}}],"scatterpolar":[{"type":"scatterpolar","marker":{"colorbar":{"outlinewidth":0,"ticks":""}}}],"histogram":[{"marker":{"pattern":{"fillmode":"overlay","size":10,"solidity":0.2}},"type":"histogram"}],"scattergl":[{"type":"scattergl","marker":{"colorbar":{"outlinewidth":0,"ticks":""}}}],"scatter3d":[{"type":"scatter3d","line":{"colorbar":{"outlinewidth":0,"ticks":""}},"marker":{"colorbar":{"outlinewidth":0,"ticks":""}}}],"scattermapbox":[{"type":"scattermapbox","marker":{"colorbar":{"outlinewidth":0,"ticks":""}}}],"scatterternary":[{"type":"scatterternary","marker":{"colorbar":{"outlinewidth":0,"ticks":""}}}],"scattercarpet":[{"type":"scattercarpet","marker":{"colorbar":{"outlinewidth":0,"ticks":""}}}],"carpet":[{"aaxis":{"endlinecolor":"#2a3f5f","gridcolor":"white","linecolor":"white","minorgridcolor":"white","startlinecolor":"#2a3f5f"},"baxis":{"endlinecolor":"#2a3f5f","gridcolor":"white","linecolor":"white","minorgridcolor":"white","startlinecolor":"#2a3f5f"},"type":"carpet"}],"table":[{"cells":{"fill":{"color":"#EBF0F8"},"line":{"color":"white"}},"header":{"fill":{"color":"#C8D4E3"},"line":{"color":"white"}},"type":"table"}],"barpolar":[{"marker":{"line":{"color":"#E5ECF6","width":0.5},"pattern":{"fillmode":"overlay","size":10,"solidity":0.2}},"type":"barpolar"}],"pie":[{"automargin":true,"type":"pie"}]},"layout":{"autotypenumbers":"strict","colorway":["#636efa","#EF553B","#00cc96","#ab63fa","#FFA15A","#19d3f3","#FF6692","#B6E880","#FF97FF","#FECB52"],"font":{"color":"#2a3f5f"},"hovermode":"closest","hoverlabel":{"align":"left"},"paper_bgcolor":"white","plot_bgcolor":"#E5ECF6","polar":{"bgcolor":"#E5ECF6","angularaxis":{"gridcolor":"white","linecolor":"white","ticks":""},"radialaxis":{"gridcolor":"white","linecolor":"white","ticks":""}},"ternary":{"bgcolor":"#E5ECF6","aaxis":{"gridcolor":"white","linecolor":"white","ticks":""},"baxis":{"gridcolor":"white","linecolor":"white","ticks":""},"caxis":{"gridcolor":"white","linecolor":"white","ticks":""}},"coloraxis":{"colorbar":{"outlinewidth":0,"ticks":""}},"colorscale":{"sequential":[[0.0,"#0d0887"],[0.1111111111111111,"#46039f"],[0.2222222222222222,"#7201a8"],[0.3333333333333333,"#9c179e"],[0.4444444444444444,"#bd3786"],[0.5555555555555556,"#d8576b"],[0.6666666666666666,"#ed7953"],[0.7777777777777778,"#fb9f3a"],[0.8888888888888888,"#fdca26"],[1.0,"#f0f921"]],"sequentialminus":[[0.0,"#0d0887"],[0.1111111111111111,"#46039f"],[0.2222222222222222,"#7201a8"],[0.3333333333333333,"#9c179e"],[0.4444444444444444,"#bd3786"],[0.5555555555555556,"#d8576b"],[0.6666666666666666,"#ed7953"],[0.7777777777777778,"#fb9f3a"],[0.8888888888888888,"#fdca26"],[1.0,"#f0f921"]],"diverging":[[0,"#8e0152"],[0.1,"#c51b7d"],[0.2,"#de77ae"],[0.3,"#f1b6da"],[0.4,"#fde0ef"],[0.5,"#f7f7f7"],[0.6,"#e6f5d0"],[0.7,"#b8e186"],[0.8,"#7fbc41"],[0.9,"#4d9221"],[1,"#276419"]]},"xaxis":{"gridcolor":"white","linecolor":"white","ticks":"","title":{"standoff":15},"zerolinecolor":"white","automargin":true,"zerolinewidth":2},"yaxis":{"gridcolor":"white","linecolor":"white","ticks":"","title":{"standoff":15},"zerolinecolor":"white","automargin":true,"zerolinewidth":2},"scene":{"xaxis":{"backgroundcolor":"#E5ECF6","gridcolor":"white","linecolor":"white","showbackground":true,"ticks":"","zerolinecolor":"white","gridwidth":2},"yaxis":{"backgroundcolor":"#E5ECF6","gridcolor":"white","linecolor":"white","showbackground":true,"ticks":"","zerolinecolor":"white","gridwidth":2},"zaxis":{"backgroundcolor":"#E5ECF6","gridcolor":"white","linecolor":"white","showbackground":true,"ticks":"","zerolinecolor":"white","gridwidth":2}},"shapedefaults":{"line":{"color":"#2a3f5f"}},"annotationdefaults":{"arrowcolor":"#2a3f5f","arrowhead":0,"arrowwidth":1},"geo":{"bgcolor":"white","landcolor":"#E5ECF6","subunitcolor":"white","showland":true,"showlakes":true,"lakecolor":"white"},"title":{"x":0.05},"mapbox":{"style":"light"}}},"xaxis":{"anchor":"y","domain":[0.0,1.0],"scaleanchor":"y","constrain":"domain","side":"bottom","tickangle":45},"yaxis":{"anchor":"x","domain":[0.0,1.0],"autorange":"reversed","constrain":"domain"},"coloraxis":{"colorscale":[[0.0,"rgb(247,251,255)"],[0.125,"rgb(222,235,247)"],[0.25,"rgb(198,219,239)"],[0.375,"rgb(158,202,225)"],[0.5,"rgb(107,174,214)"],[0.625,"rgb(66,146,198)"],[0.75,"rgb(33,113,181)"],[0.875,"rgb(8,81,156)"],[1.0,"rgb(8,48,107)"]],"cmin":0,"cmax":1},"title":{"text":"4.3.1 Korelasyon matrisi (tek renk, |corr|)"},"height":1000,"width":1000},                        {"responsive": true}                    )                };                            </script>        </div>
</body>
</html>